rowcode	selection	commodity
1	1	1
2	1	2
3	1	3
4	1	4
5	1	5
6	1	6
7	1	7
8	1	8
9	1	9
10	1	10
11	1	11
12	1	12
13	1	13
14	1	14
15	1	15
16	1	16
17	1	17
18	1	18
19	1	19
20	1	20
21	1	21
22	1	22
23	1	23
24	1	24
25	1	25
26	1	26
27	1	27
28	1	28
29	1	29
30	1	30
31	1	31
32	1	32
33	1	33
34	1	34
35	1	35
36	1	36
37	1	37
38	1	38
39	1	39
40	1	40
41	1	41
42	1	42
43	1	43
44	1	44
45	1	45
46	1	46
47	1	47
48	1	48
49	1	49
50	1	50
51	1	51
52	1	52
53	1	53
54	1	54
55	1	55
56	1	56
57	1	57
58	1	58
59	1	59
60	1	60
61	1	61
62	1	62
63	1	63
64	1	64
65	1	65
66	1	66
67	1	67
68	1	68
69	1	69
70	1	70
71	1	71
72	1	72
73	1	73
74	1	74
75	1	75
76	1	76
77	1	77
78	1	78
79	1	79
80	1	80
81	1	81
82	1	82
83	1	83
84	1	84
85	1	85
86	1	86
87	1	87
88	1	88
89	1	89
90	1	90
91	1	91
92	1	92
93	1	93
94	1	94
95	1	95
96	1	96
97	1	97
98	1	98
99	1	99
100	1	100
101	1	101
102	1	102
103	1	103
104	1	104
105	1	105
106	1	106
107	1	107
108	1	108
109	1	109
110	1	110
111	1	111
112	1	112
113	1	113
114	1	114
115	1	115
116	1	116
117	1	117
118	1	118
119	1	119
120	1	120
121	1	121
122	1	122
123	1	123
124	1	124
125	1	125
126	1	126
127	1	127
128	1	128
129	1	129
130	1	130
131	1	131
132	1	132
133	1	133
134	1	134
135	1	135
136	1	136
137	1	137
138	1	138
139	1	139
140	1	140
141	1	141
142	1	142
143	1	143
144	1	144
145	1	145
146	1	146
147	1	147
148	1	148
149	1	149
150	1	150
151	1	151
152	1	152
153	1	153
154	1	154
155	1	155
156	1	156
157	1	157
158	1	158
159	1	159
160	1	160
161	1	161
162	1	162
163	1	163
164	1	164
165	1	165
166	1	166
167	1	167
168	1	168
169	1	169
170	2	170
171	2	171
172	2	172
173	2	102
174	2	21
175	2	116
176	2	36
177	2	41
178	2	173
179	2	174
180	2	175
181	2	56
182	2	176
183	2	177
184	2	178
185	2	179
186	2	111
187	2	180
188	2	181
189	2	182
190	2	17
191	2	183
192	2	184
193	2	185
194	2	186
195	2	50
196	2	187
197	2	34
198	2	188
199	2	189
200	2	164
201	2	190
202	2	191
203	2	55
204	2	192
205	2	193
206	2	194
207	2	195
208	2	196
209	2	3
210	2	197
211	2	105
212	2	198
213	2	199
214	2	200
215	2	5
216	2	22
217	2	201
218	2	202
219	2	203
220	2	204
221	2	24
222	2	66
223	2	205
224	2	206
225	2	207
226	2	208
227	2	209
228	2	18
229	2	210
230	2	211
231	2	212
232	2	213
233	2	214
234	2	7
235	2	215
236	2	146
237	2	216
238	2	217
239	2	103
240	2	150
241	2	218
242	2	10
243	2	219
244	2	220
245	2	221
246	2	222
247	2	223
248	2	39
249	2	224
250	2	70
251	2	225
252	2	226
253	2	227
254	2	228
255	2	229
256	2	96
257	2	230
258	2	231
259	2	232
260	2	233
261	2	234
262	2	235
263	2	19
264	2	236
265	2	237
266	2	238
267	2	30
268	2	239
269	2	240
270	2	241
271	2	242
272	2	243
273	2	244
274	2	245
275	2	246
276	2	98
277	2	32
278	2	247
279	2	248
280	2	249
281	2	94
282	2	250
283	2	4
284	2	251
285	2	252
286	2	253
287	2	254
288	2	255
289	2	256
290	2	257
291	2	258
292	2	71
293	2	259
294	2	84
295	2	260
296	2	261
297	2	262
298	2	128
299	2	263
300	2	264
301	2	265
302	2	26
303	2	266
304	2	78
305	2	267
306	2	268
307	2	269
308	2	270
309	2	271
310	2	52
311	2	272
312	2	273
313	2	274
314	2	275
315	2	276
316	2	277
317	2	85
318	2	278
319	2	279
320	2	280
321	2	281
322	2	40
323	2	282
324	2	20
325	2	124
326	2	283
327	2	284
328	2	8
329	2	42
330	2	285
331	2	135
332	2	286
333	2	287
334	2	288
335	2	289
336	2	290
337	2	291
338	2	292
339	2	293
340	2	294
341	2	295
342	2	147
343	2	296
344	2	297
345	2	298
346	2	299
347	2	300
348	2	90
349	2	301
350	2	302
351	2	303
352	2	304
353	2	305
354	2	306
355	2	307
356	2	138
357	2	308
358	2	309
359	2	11
360	2	310
361	2	311
362	2	312
363	2	130
364	2	313
365	2	114
366	2	314
367	2	315
368	2	97
369	2	316
370	2	317
371	2	318
372	2	319
373	2	320
374	2	15
375	2	321
376	2	322
377	2	91
378	2	323
379	2	59
380	2	324
381	2	27
382	2	325
383	2	326
384	2	327
385	2	328
386	2	160
387	2	329
388	2	330
389	2	331
390	2	332
391	2	106
392	2	333
393	2	334
394	2	335
395	2	63
396	2	161
397	2	336
398	2	337
399	2	338
400	2	339
401	2	340
402	2	9
403	2	341
404	2	342
405	2	343
406	2	122
407	2	344
408	2	345
409	2	346
410	2	347
411	2	6
412	2	348
413	2	349
414	2	350
415	2	120
416	2	351
417	2	352
418	2	353
419	2	354
420	2	355
421	2	356
422	2	357
423	2	133
424	2	358
425	2	359
426	2	54
427	2	360
428	2	132
429	2	361
430	2	362
431	2	49
432	2	363
433	2	364
434	2	365
435	2	366
436	2	367
437	2	368
438	2	369
439	2	370
440	2	371
441	2	372
442	2	373
443	2	374
444	2	375
445	2	376
446	2	377
447	2	378
448	2	379
449	2	380
450	2	381
451	2	382
452	2	383
453	2	384
454	2	385
455	2	386
456	2	387
457	2	388
458	2	389
459	2	390
460	2	391
461	2	392
462	2	393
463	2	394
464	2	28
465	2	395
466	2	396
467	2	397
468	2	398
469	2	399
470	2	400
471	2	401
472	2	402
473	2	76
474	2	403
475	2	112
476	2	404
477	2	405
478	2	406
479	2	407
480	2	408
481	2	409
482	2	410
483	2	411
484	2	412
485	2	413
486	2	414
487	2	415
488	2	416
489	2	417
490	2	418
491	2	419
492	2	420
493	2	421
494	2	422
495	2	423
496	2	424
497	2	425
498	2	426
499	2	427
500	2	428
501	2	429
502	2	430
503	2	431
504	2	14
505	2	432
506	2	433
507	2	434
508	2	435
509	2	436
510	2	144
511	2	60
512	2	157
513	2	437
514	2	438
515	2	439
516	2	440
517	2	441
518	3	442
519	3	443
520	3	410
521	3	444
522	3	50
523	3	114
524	3	56
525	3	269
526	3	359
527	3	445
528	3	130
529	3	54
530	3	36
531	3	174
532	3	164
533	3	238
534	3	446
535	3	7
536	3	116
537	3	203
538	3	191
539	3	146
540	3	247
541	3	175
542	3	363
543	3	52
544	3	171
545	3	419
546	3	144
547	3	447
548	3	267
549	3	270
550	3	206
551	3	70
552	3	166
553	3	403
554	3	3
555	3	98
556	3	448
557	3	196
558	3	449
559	3	5
560	3	319
561	3	308
562	3	216
563	3	450
564	3	235
565	3	49
566	3	112
567	3	55
568	3	451
569	3	326
570	3	452
571	3	453
572	3	219
573	3	97
574	3	138
575	3	361
576	3	454
577	3	17
578	3	395
579	3	268
580	3	455
581	3	340
582	3	234
583	3	456
584	3	338
585	3	195
586	3	457
587	3	458
588	3	459
589	3	322
590	3	187
591	3	360
592	3	266
593	3	332
594	3	91
595	3	102
596	3	460
597	3	461
598	3	223
599	3	462
600	3	170
601	3	342
602	3	305
603	3	463
604	3	34
605	3	64
606	3	39
607	3	464
608	3	337
609	3	88
610	3	42
611	3	184
612	3	65
613	3	465
614	3	22
615	3	257
616	3	173
617	3	353
618	3	466
619	3	467
620	3	468
621	3	149
622	3	260
623	3	469
624	3	21
625	3	18
626	3	4
627	3	426
628	3	96
629	3	9
630	3	59
631	3	470
632	3	26
633	3	225
634	3	186
635	3	471
636	3	179
637	3	231
638	3	385
639	3	180
640	3	309
641	3	133
642	3	405
643	3	472
644	3	473
645	3	2
646	3	78
647	3	212
648	3	258
649	3	474
650	3	475
651	3	476
652	3	313
653	3	387
654	3	477
655	3	366
656	3	388
657	3	478
658	3	479
659	3	365
660	3	302
661	3	142
662	3	480
663	3	481
664	3	482
665	3	61
666	3	113
667	3	483
668	3	135
669	3	484
670	3	485
671	3	486
672	3	303
673	3	279
674	3	487
675	3	488
676	3	489
677	3	490
678	3	491
679	3	492
680	3	53
681	3	301
682	3	63
683	3	493
684	3	494
685	3	350
686	3	298
687	3	495
688	3	496
689	3	147
690	3	497
691	3	117
692	3	498
693	3	499
694	3	500
695	3	501
696	3	502
697	3	251
698	3	214
699	3	503
700	3	504
701	3	357
702	3	204
703	3	505
704	3	506
705	3	120
706	3	507
707	3	508
708	3	509
709	3	510
710	3	511
711	3	106
712	3	295
713	3	228
714	3	379
715	3	157
716	3	280
717	3	512
718	3	317
719	3	513
720	3	321
721	3	103
722	3	514
723	3	515
724	3	134
725	3	516
726	3	517
727	3	518
728	3	519
729	3	38
730	3	122
731	3	520
732	3	8
733	3	521
734	3	24
735	3	71
736	3	32
737	3	156
738	3	522
739	3	177
740	3	324
741	3	523
742	3	94
743	3	524
744	3	93
745	3	525
746	3	526
747	3	527
748	3	161
749	3	528
750	3	108
751	3	529
752	3	15
753	3	530
754	3	43
755	3	183
756	3	531
757	3	362
758	3	532
759	3	240
760	3	391
761	3	226
762	3	533
763	3	182
764	3	172
765	3	123
766	3	92
767	3	534
768	3	535
769	3	536
770	3	537
771	3	229
772	3	356
773	3	538
774	3	539
775	3	190
776	3	390
777	3	398
778	3	540
779	3	315
780	3	541
781	3	384
782	3	542
783	3	543
784	3	128
785	3	544
786	3	545
787	3	546
788	3	547
789	3	202
790	3	548
791	3	549
792	3	550
793	3	154
794	3	551
795	3	352
796	3	552
797	3	553
798	3	554
799	3	555
800	3	556
801	3	557
802	3	558
803	3	44
804	3	559
805	3	560
806	3	561
807	3	562
808	3	563
809	3	121
810	3	564
811	3	565
812	3	566
813	3	567
814	3	272
815	3	568
816	3	569
817	3	221
818	3	570
819	3	194
820	3	201
821	3	41
822	3	571
823	3	143
824	3	217
825	3	348
826	3	572
827	3	573
828	3	239
829	3	210
830	3	574
831	3	416
832	3	575
833	3	62
834	3	69
835	3	576
836	3	577
837	3	578
838	3	256
839	3	579
840	3	199
841	3	12
842	3	137
843	3	580
844	3	581
845	3	246
846	3	168
847	3	582
848	3	401
849	3	110
850	3	378
851	3	11
852	3	367
853	3	583
854	3	584
855	3	585
856	3	233
857	3	586
858	3	587
859	3	197
860	3	588
861	3	589
862	3	590
863	3	318
864	3	591
865	3	592
866	3	593
867	3	594
868	3	327
869	3	595
870	3	596
871	3	60
872	3	597
873	3	598
874	3	599
875	3	160
876	3	284
877	3	159
878	3	243
879	3	600
880	3	601
881	3	602
882	3	603
883	3	51
884	3	604
885	3	605
886	3	606
887	3	607
888	3	436
889	3	608
890	3	287
891	3	28
892	3	261
893	3	609
894	3	277
895	3	250
896	3	610
897	3	611
898	3	306
899	3	612
900	3	320
901	3	613
902	3	614
903	3	615
904	3	616
905	3	617
906	3	618
907	3	66
908	3	252
909	3	286
910	3	6
911	3	619
912	3	620
913	3	276
914	3	621
915	3	425
916	3	622
917	3	623
918	3	624
919	3	232
920	3	336
921	3	625
922	3	626
923	3	627
924	3	19
925	3	628
926	3	629
927	3	382
928	3	630
929	3	344
930	3	631
931	3	632
932	3	633
933	3	634
934	3	635
935	3	636
936	3	46
937	3	328
938	3	254
939	3	637
940	3	638
941	3	639
942	3	640
943	3	297
944	3	641
945	3	399
946	3	20
947	3	642
948	3	393
949	3	643
950	3	644
951	3	370
952	3	645
953	3	646
954	3	205
955	3	376
956	3	281
957	3	423
958	3	396
959	3	647
960	3	648
961	3	649
962	3	650
963	3	651
964	3	652
965	3	653
966	3	325
967	3	654
968	3	655
969	3	656
970	3	657
971	3	211
972	3	658
973	3	440
974	3	290
975	3	659
976	3	660
977	3	132
978	3	661
979	3	150
980	3	662
981	3	663
982	3	72
983	3	245
984	3	664
985	3	665
986	3	666
987	3	667
988	3	432
989	3	185
990	3	222
991	3	668
992	3	669
993	3	386
994	3	124
995	3	111
996	3	670
997	3	99
998	3	671
999	3	429
1000	3	192
1001	3	672
1002	3	673
1003	3	674
1004	3	675
1005	3	676
1006	3	677
1007	3	678
1008	3	679
1009	3	680
1010	3	346
1011	3	681
1012	3	10
1013	3	431
1014	3	428
1015	3	104
1016	3	682
1017	3	288
1018	3	683
1019	3	684
1020	3	685
1021	3	686
1022	3	441
1023	3	687
1024	3	389
1025	3	688
1026	3	689
1027	3	249
1028	3	333
1029	3	690
1030	3	691
1031	3	692
1032	3	693
1033	3	345
1034	3	694
1035	3	695
1036	3	347
1037	3	696
1038	3	697
1039	3	433
1040	3	698
1041	4	250
1042	4	11
1043	4	138
1044	4	7
1045	4	239
1046	4	497
1047	4	191
1048	4	55
1049	4	269
1050	4	173
1051	4	17
1052	4	56
1053	4	4
1054	4	32
1055	4	214
1056	4	671
1057	4	98
1058	4	699
1059	4	247
1060	4	24
1061	4	15
1062	4	171
1063	4	196
1064	4	345
1065	4	146
1066	4	175
1067	4	320
1068	4	41
1069	4	43
1070	4	618
1071	4	18
1072	4	174
1073	4	564
1074	4	465
1075	4	700
1076	4	36
1077	4	59
1078	4	190
1079	4	8
1080	4	375
1081	4	257
1082	4	203
1083	4	116
1084	4	701
1085	4	103
1086	4	398
1087	4	308
1088	4	5
1089	4	326
1090	4	361
1091	4	177
1092	4	234
1093	4	424
1094	4	34
1095	4	130
1096	4	474
1097	4	461
1098	4	352
1099	4	106
1100	4	585
1101	4	317
1102	4	61
1103	4	342
1104	4	452
1105	4	381
1106	4	179
1107	4	702
1108	4	54
1109	4	172
1110	4	604
1111	4	280
1112	4	703
1113	4	164
1114	4	26
1115	4	329
1116	4	528
1117	4	704
1118	4	2
1119	4	186
1120	4	251
1121	4	22
1122	4	705
1123	4	683
1124	4	170
1125	4	706
1126	4	122
1127	4	135
1128	4	1
1129	4	707
1130	4	60
1131	4	708
1132	4	403
1133	4	709
1134	4	67
1135	4	266
1136	4	448
1137	4	110
1138	4	229
1139	4	273
1140	4	237
1141	4	710
1142	4	463
1143	4	10
1144	4	298
1145	4	102
1146	4	711
1147	4	712
1148	4	713
1149	4	285
1150	4	344
1151	4	277
1152	4	19
1153	4	132
1154	4	482
1155	4	25
1156	4	388
1157	4	714
1158	4	264
1159	4	464
1160	4	715
1161	4	123
1162	4	140
1163	4	471
1164	4	92
1165	4	716
1166	4	180
1167	4	262
1168	4	76
1169	4	682
1170	4	379
1171	4	202
1172	4	717
1173	4	96
1174	4	343
1175	4	289
1176	4	357
1177	4	494
1178	4	336
1179	4	238
1180	4	212
1181	4	84
1182	4	115
1183	4	270
1184	4	574
1185	4	674
1186	4	316
1187	4	407
1188	4	6
1189	4	321
1190	4	97
1191	4	288
1192	4	150
1193	4	71
1194	4	295
1195	4	66
1196	4	718
1197	4	719
1198	4	573
1199	4	233
1200	4	720
1201	4	265
1202	4	358
1203	4	721
1204	4	322
1205	4	624
1206	4	722
1207	4	621
1208	4	723
1209	4	724
1210	4	365
1211	4	359
1212	4	725
1213	4	166
1214	4	726
1215	4	255
1216	4	727
1217	4	309
1218	4	158
1219	4	286
1220	4	16
1221	4	410
1222	4	70
1223	4	728
1224	4	79
1225	4	729
1226	4	505
1227	4	181
1228	4	445
1229	4	271
1230	4	438
1231	4	730
1232	4	668
1233	4	306
1234	4	334
1235	4	85
1236	4	220
1237	4	731
1238	4	185
1239	4	30
1240	4	732
1241	4	328
1242	4	53
1243	4	691
1244	4	324
1245	4	733
1246	4	204
1247	4	645
1248	4	495
1249	4	734
1250	4	290
1251	4	735
1252	4	176
1253	4	258
1254	4	660
1255	4	189
1256	4	3
1257	4	156
1258	4	302
1259	4	625
1260	4	182
1261	4	21
1262	4	382
1263	4	389
1264	4	460
1265	4	736
1266	4	42
1267	4	642
1268	4	501
1269	4	500
1270	4	187
1271	4	737
1272	4	738
1273	4	415
1274	4	417
1275	4	450
1276	4	739
1277	4	740
1278	4	91
1279	4	741
1280	4	113
1281	4	39
1282	4	57
1283	4	742
1284	4	631
1285	4	206
1286	4	82
1287	4	743
1288	4	428
1289	4	241
1290	4	513
1291	4	744
1292	4	511
1293	4	151
1294	4	457
1295	4	745
1296	4	588
1297	4	141
1298	4	292
1299	4	418
1300	4	400
1301	4	746
1302	4	747
1303	4	748
1304	4	228
1305	4	472
1306	4	120
1307	5	586
1308	5	175
1309	5	2
1310	5	710
1311	5	186
1312	5	98
1313	5	56
1314	5	172
1315	5	246
1316	5	48
1317	5	749
1318	5	185
1319	5	312
1320	5	4
1321	5	750
1322	5	235
1323	5	249
1324	5	132
1325	5	751
1326	5	179
1327	5	516
1328	5	639
1329	5	392
1330	5	615
1331	5	385
1332	5	234
1333	5	752
1334	5	647
1335	5	370
1336	5	368
1337	5	363
1338	5	404
1339	5	538
1340	5	91
1341	5	753
1342	5	711
1343	5	754
1344	5	755
1345	5	70
1346	5	543
1347	5	191
1348	5	314
1349	5	756
1350	5	146
1351	5	757
1352	5	554
1353	5	605
1354	5	758
1355	5	182
1356	5	326
1357	5	294
1358	5	298
1359	5	97
1360	5	759
1361	5	401
1362	5	55
1363	5	231
1364	5	36
1365	5	760
1366	5	18
1367	5	76
1368	5	347
1369	5	78
1370	5	761
1371	5	180
1372	5	324
1373	5	1
1374	5	398
1375	5	353
1376	5	320
1377	5	243
1378	5	52
1379	5	297
1380	5	34
1381	5	43
1382	5	393
1383	5	414
1384	5	344
1385	5	467
1386	5	103
1387	5	762
1388	5	102
1389	5	174
1390	5	308
1391	5	387
1392	5	269
1393	5	474
1394	5	206
1395	5	360
1396	5	3
1397	5	361
1398	5	664
1399	5	21
1400	5	465
1401	5	233
1402	5	227
1403	5	7
1404	5	133
1405	5	61
1406	5	511
1407	5	531
1408	5	356
1409	5	461
1410	5	229
1411	5	212
1412	5	373
1413	5	270
1414	5	763
1415	5	352
1416	5	722
1417	5	764
1418	5	765
1419	5	426
1420	5	492
1421	5	471
1422	5	766
1423	5	144
1424	5	377
1425	5	41
1426	5	17
1427	5	767
1428	5	287
1429	5	39
1430	5	642
1431	5	768
1432	5	769
1433	5	544
1434	5	266
1435	5	610
1436	5	295
1437	5	570
1438	5	267
1439	5	113
1440	5	770
1441	5	563
1442	5	173
1443	5	32
1444	5	265
1445	5	26
1446	5	447
1447	5	257
1448	5	130
1449	5	771
1450	5	50
1451	5	148
1452	5	424
1453	5	379
1454	5	724
1455	5	682
1456	5	5
1457	5	422
1458	5	772
1459	5	773
1460	5	635
1461	5	177
1462	5	604
1463	5	432
1464	5	735
1465	5	203
1466	5	582
1467	5	362
1468	5	54
1469	5	597
1470	5	549
1471	5	168
1472	5	774
1473	5	323
1474	5	197
1475	5	775
1476	5	776
1477	5	486
1478	5	569
1479	5	482
1480	5	777
1481	5	38
1482	5	219
1483	5	138
1484	5	469
1485	5	327
1486	5	6
1487	5	778
1488	5	410
1489	5	687
1490	5	779
1491	5	403
1492	5	291
1493	5	161
1494	5	780
1495	5	528
1496	5	781
1497	5	636
1498	5	149
1499	5	109
1500	5	388
1501	5	176
1502	5	782
1503	5	378
1504	5	290
1505	5	691
1506	5	301
1507	5	504
1508	5	293
1509	5	251
1510	5	783
1511	5	677
1512	5	618
1513	5	85
1514	5	698
1515	5	784
1516	5	785
1517	5	247
1518	5	786
1519	5	302
1520	5	333
1521	5	120
1522	5	787
1523	5	331
1524	5	280
1525	5	788
1526	5	717
1527	5	319
1528	5	239
1529	5	789
1530	5	790
1531	5	306
1532	5	288
1533	5	106
1534	5	791
1535	5	792
1536	5	793
1537	5	124
1538	5	794
1539	5	648
1540	5	309
1541	5	8
1542	5	795
1543	5	526
1544	5	734
1545	5	796
1546	5	329
1547	5	706
1548	5	438
1549	5	90
1550	5	797
1551	5	798
1552	5	108
1553	5	799
1554	5	800
1555	5	801
1556	5	568
1557	5	606
1558	5	553
1559	5	562
1560	5	382
1561	5	552
1562	5	802
1563	5	281
1564	5	252
1565	5	803
1566	5	653
1567	5	804
1568	5	464
1569	5	658
1570	5	488
1571	5	805
1572	5	94
1573	5	612
1574	5	114
1575	5	806
1576	5	807
1577	5	457
1578	5	588
1579	5	603
1580	5	460
1581	5	721
1582	5	623
1583	5	399
1584	5	201
1585	5	449
1586	5	822
1587	5	448
1588	5	400
1589	5	154
1590	5	823
1591	5	256
1592	5	218
1593	5	147
1594	5	22
1595	5	824
1596	5	539
1597	5	310
1598	5	129
1599	5	505
1600	5	339
1601	5	286
1602	5	241
1603	5	813
1604	5	732
1605	5	123
1606	5	222
1607	5	330
1608	5	660
1609	5	11
1610	5	111
1611	5	15
1612	5	59
1613	5	24
1614	5	84
1615	5	466
1616	5	825
1617	6	56
1618	6	203
1619	6	17
1620	6	400
1621	6	292
1622	6	24
1623	6	773
1624	6	204
1625	6	36
1626	6	808
1627	6	216
1628	6	129
1629	6	52
1630	6	809
1631	6	310
1632	6	531
1633	6	330
1634	6	18
1635	6	438
1636	6	28
1637	6	221
1638	6	196
1639	6	111
1640	6	325
1641	6	120
1642	6	461
1643	6	210
1644	6	492
1645	6	54
1646	6	229
1647	6	132
1648	6	234
1649	6	133
1650	6	53
1651	6	219
1652	6	345
1653	6	22
1654	6	8
1655	6	597
1656	6	98
1657	6	34
1658	6	447
1659	6	274
1660	6	243
1661	6	186
1662	6	238
1663	6	39
1664	6	235
1665	6	206
1666	6	399
1667	6	308
1668	6	448
1669	6	655
1670	6	487
1671	6	284
1672	6	44
1673	6	296
1674	6	268
1675	6	121
1676	6	698
1677	6	51
1678	6	467
1679	6	70
1680	6	333
1681	6	78
1682	6	191
1683	6	810
1684	6	59
1685	6	324
1686	6	329
1687	6	4
1688	6	71
1689	6	114
1690	6	171
1691	6	106
1692	6	50
1693	6	173
1694	6	298
1695	6	176
1696	6	41
1697	6	360
1698	6	612
1699	6	398
1700	6	269
1701	6	695
1702	6	16
1703	6	744
1704	6	302
1705	6	212
1706	6	528
1707	6	336
1708	6	449
1709	6	26
1710	6	116
1711	6	175
1712	6	5
1713	6	418
1714	6	811
1715	6	6
1716	6	812
1717	6	328
1718	6	739
1719	6	440
1720	6	105
1721	6	463
1722	6	174
1723	6	382
1724	6	320
1725	6	246
1726	6	813
1727	6	362
1728	6	814
1729	6	7
1730	6	711
1731	6	91
1732	6	248
1733	6	130
1734	6	293
1735	6	751
1736	6	77
1737	6	815
1738	6	3
1739	6	552
1740	6	708
1741	6	816
1742	6	149
1743	6	817
1744	6	789
1745	6	11
1746	6	164
1747	6	266
1748	6	818
1749	6	417
1750	6	819
1751	6	820
1752	6	375
1753	6	379
1754	6	23
1755	6	247
1756	6	821
1757	6	1
1758	6	621
1759	6	135
1760	6	123
1761	6	635
1762	6	404
1763	6	475
1764	6	146
1765	6	826
1766	6	172
1767	6	168
1768	6	795
1769	6	349
1770	6	55
1771	6	321
1772	6	19
1773	6	827
1774	6	231
1775	6	190
1776	6	650
1777	6	516
1778	6	806
1779	6	154
1780	6	823
1781	6	361
1782	6	40
1783	6	790
1784	6	220
1785	6	244
1786	6	97
1787	6	776
1788	6	828
1789	6	782
1790	6	147
1791	6	327
1792	6	257
1793	6	829
1794	6	588
1795	6	830
1796	6	180
1797	6	187
1798	6	582
1799	6	831
1800	6	72
1801	6	735
1802	6	369
1803	6	832
1804	6	352
1805	6	245
1806	6	686
1807	6	525
1808	6	316
1809	6	717
1810	6	169
1811	6	287
1812	6	741
1813	6	833
1814	6	834
1815	6	430
1816	6	701
1817	6	374
1818	6	732
1819	6	835
1820	6	142
1821	6	285
1822	6	836
1823	6	334
1824	6	837
1825	6	383
1826	6	673
1827	6	624
1828	6	768
1829	6	838
1830	6	188
1831	6	411
1832	6	839
1833	6	326
1834	6	840
1835	6	841
1836	6	842
1837	6	843
1838	6	431
1839	6	797
1840	6	844
1841	6	679
1842	6	262
1843	6	845
1844	6	177
1845	6	470
1846	6	402
1847	6	283
1848	6	846
1849	6	847
1850	6	363
1851	6	214
1852	6	684
1853	6	15
1854	6	848
1855	6	577
1856	6	306
1857	6	849
1858	6	850
1859	6	144
1860	7	53
1861	7	55
1862	7	43
1863	7	447
1864	7	314
1865	7	54
1866	7	790
1867	7	247
1868	7	653
1869	7	35
1870	7	243
1871	7	538
1872	7	138
1873	7	668
1874	7	789
1875	7	18
1876	7	112
1877	7	379
1878	7	38
1879	7	851
1880	7	41
1881	7	248
1882	7	17
1883	7	269
1884	7	750
1885	7	56
1886	7	373
1887	7	324
1888	7	171
1889	7	146
1890	7	186
1891	7	361
1892	7	174
1893	7	852
1894	7	129
1895	7	76
1896	7	271
1897	7	107
1898	7	457
1899	7	46
1900	7	47
1901	7	268
1902	7	398
1903	7	516
1904	7	356
1905	7	853
1906	7	854
1907	7	298
1908	7	114
1909	7	246
1910	7	97
1911	7	855
1912	7	133
1913	7	856
1914	7	78
1915	7	857
1916	7	416
1917	7	782
1918	7	166
1919	7	401
1920	7	26
1921	7	147
1922	7	203
1923	7	70
1924	7	21
1925	7	639
1926	7	452
1927	7	713
1928	7	5
1929	7	642
1930	7	220
1931	7	832
1932	7	180
1933	7	858
1934	7	144
1935	7	149
1936	7	98
1937	7	576
1938	7	859
1939	7	860
1940	7	16
1941	7	10
1942	7	673
1943	7	525
1944	7	173
1945	7	650
1946	7	50
1947	7	376
1948	7	861
1949	7	585
1950	7	862
1951	7	597
1952	7	863
1953	7	467
1954	7	191
1955	7	228
1956	7	280
1957	7	11
1958	7	864
1959	7	71
1960	7	865
1961	7	279
1962	7	306
1963	7	4
1964	7	866
1965	7	563
1966	7	392
1967	7	206
1968	7	102
1969	7	359
1970	7	334
1971	7	867
1972	7	36
1973	7	595
1974	7	785
1975	7	330
1976	7	828
1977	7	711
1978	7	204
1979	7	633
1980	7	22
1981	7	723
1982	7	482
1983	7	492
1984	7	120
1985	7	539
1986	7	550
1987	7	683
1988	7	477
1989	7	113
1990	7	2
1991	7	503
1992	7	637
1993	7	235
1994	7	234
1995	7	81
1996	7	195
1997	7	109
1998	7	868
1999	7	323
2000	7	449
2001	7	869
2002	7	465
2003	7	870
2004	7	66
2005	7	225
2006	7	691
2007	7	249
2008	7	175
2009	7	135
2010	7	871
2011	7	221
2012	7	872
2013	7	873
2014	7	219
2015	7	59
2016	7	786
2017	7	751
2018	7	104
2019	7	382
2020	7	291
2021	7	874
2022	7	196
2023	7	448
2024	7	23
2025	7	266
2026	7	256
2027	7	270
2028	7	15
2029	7	39
2030	7	241
2031	7	130
2032	7	140
2033	7	818
2034	7	427
2035	7	572
2036	7	25
2037	7	30
2038	7	132
2039	7	6
2040	7	233
2041	7	535
2042	7	875
2043	7	292
2044	7	542
2045	7	549
2046	7	486
2047	7	164
2048	7	876
2049	7	91
2050	7	877
2051	7	8
2052	7	28
2053	7	660
2054	7	878
2055	7	879
2056	7	565
2057	7	681
2058	7	40
2059	7	14
2060	7	86
2061	7	464
2062	7	227
2063	7	3
2064	7	214
2065	7	717
2066	7	680
2067	7	239
2068	7	880
2069	7	250
2070	7	341
2071	7	821
2072	7	547
2073	7	315
2074	7	286
2075	7	629
2076	7	664
2077	7	277
2078	7	362
2079	7	552
2080	7	284
2081	7	327
2082	7	881
2083	7	641
2084	7	320
2085	7	761
2086	7	161
2087	7	366
2088	7	578
2089	7	882
2090	7	727
2091	7	251
2092	7	824
2093	7	150
2094	7	111
2095	7	883
2096	7	659
2097	7	121
2098	7	438
2099	7	51
2100	7	400
2101	7	884
2102	7	345
2103	7	302
2104	7	308
2105	7	331
2106	7	885
2107	7	778
2108	7	886
2109	7	399
2110	7	296
2111	7	116
2112	7	795
2113	7	307
2114	7	568
2115	7	404
2116	7	13
2117	7	469
2118	7	182
2119	7	887
2120	7	487
2121	7	407
2122	7	888
2123	7	352
2124	7	151
2125	7	838
2126	7	295
2127	7	463
2128	7	528
2129	7	808
2130	7	611
2131	7	267
2132	7	317
2133	7	388
2134	7	816
2135	7	698
2136	7	358
2137	7	181
2138	7	103
2139	7	889
2140	7	344
2141	7	187
2142	7	424
2143	7	559
2144	7	845
2145	7	507
2146	7	229
2147	7	890
2148	7	900
2149	7	24
2150	7	901
2151	7	414
2152	7	902
2153	7	903
2154	7	582
2155	7	52
2156	7	7
2157	7	687
2158	7	172
2159	7	493
2160	7	210
2161	7	82
2162	7	338
2163	7	375
2164	7	813
2165	7	610
2166	7	122
2167	7	20
2168	7	360
2169	7	190
2170	7	177
2171	7	393
2172	7	265
2173	7	904
2174	7	231
2175	7	643
2176	7	742
2177	7	905
2178	7	329
2179	7	686
2180	7	65
2181	7	123
2182	7	44
2183	7	322
2184	7	732
2185	7	721
2186	7	906
2187	7	748
2188	7	500
2189	7	907
2190	7	94
2191	7	908
2192	7	636
2193	7	909
2194	7	910
2195	8	41
2196	8	891
2197	8	540
2198	8	400
2199	8	174
2200	8	565
2201	8	186
2202	8	70
2203	8	50
2204	8	247
2205	8	401
2206	8	360
2207	8	320
2208	8	306
2209	8	366
2210	8	22
2211	8	628
2212	8	56
2213	8	329
2214	8	55
2215	8	191
2216	8	778
2217	8	48
2218	8	432
2219	8	206
2220	8	219
2221	8	347
2222	8	26
2223	8	269
2224	8	442
2225	8	892
2226	8	116
2227	8	175
2228	8	146
2229	8	161
2230	8	18
2231	8	266
2232	8	734
2233	8	805
2234	8	837
2235	8	106
2236	8	682
2237	8	384
2238	8	363
2239	8	78
2240	8	171
2241	8	324
2242	8	717
2243	8	677
2244	8	234
2245	8	353
2246	8	893
2247	8	19
2248	8	279
2249	8	330
2250	8	2
2251	8	60
2252	8	654
2253	8	323
2254	8	894
2255	8	391
2256	8	558
2257	8	495
2258	8	208
2259	8	251
2260	8	236
2261	8	21
2262	8	298
2263	8	427
2264	8	895
2265	8	698
2266	8	345
2267	8	639
2268	8	477
2269	8	896
2270	8	327
2271	8	138
2272	8	91
2273	8	468
2274	8	94
2275	8	309
2276	8	648
2277	8	284
2278	8	404
2279	8	8
2280	8	399
2281	8	897
2282	8	122
2283	8	135
2284	8	524
2285	8	190
2286	8	618
2287	8	107
2288	8	149
2289	8	740
2290	8	509
2291	8	147
2292	8	537
2293	8	103
2294	8	671
2295	8	898
2296	8	112
2297	8	9
2298	8	899
2299	8	246
2300	8	425
2301	8	371
2302	8	325
2303	8	516
2304	8	333
2305	8	661
2306	8	14
2307	8	444
2308	8	7
2309	8	295
2310	8	111
2311	8	701
2312	8	350
2313	8	155
2314	8	17
2315	8	262
2316	8	257
2317	8	493
2318	8	197
2319	8	177
2320	8	270
2321	8	271
2322	8	737
2323	8	426
2324	8	241
2325	8	376
2326	8	216
2327	8	310
2328	8	624
2329	8	293
2330	8	824
2331	8	144
2332	8	173
2333	8	214
2334	8	179
2335	8	36
2336	8	123
2337	8	817
2338	8	492
2339	8	420
2340	8	229
2341	8	84
2342	8	258
2343	8	422
2344	8	842
2345	8	497
2346	8	10
2347	8	302
2348	8	359
2349	8	243
2350	8	6
2351	8	362
2352	8	398
2353	8	498
2354	8	121
2355	8	34
2356	8	109
2357	8	59
2358	8	292
2359	8	452
2360	8	610
2361	8	11
2362	8	180
2363	8	530
2364	8	911
2365	8	748
2366	8	204
2367	8	244
2368	8	732
2369	8	723
2370	8	660
2371	8	4
2372	8	220
2373	8	1
2374	8	150
2375	8	547
2376	8	464
2377	8	66
2378	8	912
2379	8	622
2380	8	813
2381	8	256
2382	8	905
2383	8	32
2384	8	913
2385	8	62
2386	8	195
2387	8	875
2388	8	69
2389	8	286
2390	8	218
2391	8	15
2392	8	142
2393	8	428
2394	8	914
2395	8	228
2396	8	797
2397	8	16
2398	8	379
2399	8	744
2400	8	72
2401	8	573
2402	8	915
2403	8	308
2404	8	24
2405	8	361
2406	8	673
2407	8	43
2408	8	414
2409	8	97
2410	8	539
2411	8	326
2412	8	128
2413	8	761
2414	8	463
2415	8	714
2416	8	872
2417	8	410
2418	8	203
2419	8	593
2420	8	461
2421	8	770
2422	8	370
2423	8	916
2424	8	430
2425	8	474
2426	8	917
2427	8	568
2428	8	918
2429	8	909
2430	8	521
2431	8	288
2432	8	39
2433	8	267
2434	8	542
2435	8	235
2436	8	460
2437	8	470
2438	8	919
2439	8	51
2440	8	307
2441	8	285
2442	8	782
2443	8	140
2444	8	683
2445	8	98
2446	8	331
2447	8	54
2448	8	494
2449	8	465
2450	8	239
2451	8	172
2452	8	289
2453	8	815
2454	8	40
2455	8	920
2456	8	828
2457	8	181
2458	8	563
2459	8	133
2460	8	921
2461	8	114
2462	8	227
2463	8	750
2464	8	556
2465	8	287
2466	8	81
2467	8	105
2468	8	358
2469	8	83
2470	8	922
2471	8	923
2472	8	924
2473	8	588
2474	8	838
2475	8	925
2476	8	559
2477	8	503
2478	8	803
2479	8	926
2480	8	751
2481	8	312
2482	9	59
2483	9	56
2484	9	17
2485	9	26
2486	9	78
2487	9	204
2488	9	658
2489	9	407
2490	9	176
2491	9	34
2492	9	138
2493	9	228
2494	9	172
2495	9	588
2496	9	102
2497	9	360
2498	9	41
2499	9	356
2500	9	234
2501	9	54
2502	9	97
2503	9	3
2504	9	284
2505	9	120
2506	9	269
2507	9	18
2508	9	5
2509	9	2
2510	9	55
2511	9	927
2512	9	64
2513	9	928
2514	9	63
2515	9	4
2516	9	723
2517	9	929
2518	9	907
2519	9	6
2520	9	36
2521	9	175
2522	9	52
2523	9	14
2524	9	315
2525	9	930
2526	9	180
2527	9	698
2528	9	306
2529	9	318
2530	9	392
2531	9	361
2532	9	298
2533	9	463
2534	9	266
2535	9	219
2536	9	103
2537	9	191
2538	9	336
2539	9	8
2540	9	495
2541	9	787
2542	9	931
2543	9	53
2544	9	146
2545	9	542
2546	9	932
2547	9	474
2548	9	22
2549	9	301
2550	9	291
2551	9	105
2552	9	933
2553	9	118
2554	9	426
2555	9	689
2556	9	934
2557	9	256
2558	9	116
2559	9	904
2560	9	247
2561	9	319
2562	9	468
2563	9	206
2564	9	267
2565	9	268
2566	9	648
2567	9	40
2568	9	252
2569	9	848
2570	9	92
2571	9	210
2572	9	685
2573	9	671
2574	9	28
2575	9	732
2576	9	419
2577	9	32
2578	9	283
2579	9	65
2580	9	278
2581	9	186
2582	9	302
2583	9	292
2584	9	164
2585	9	878
2586	9	295
2587	9	684
2588	9	816
2589	9	582
2590	9	935
2591	9	547
2592	9	70
2593	9	114
2594	9	270
2595	9	200
2596	9	452
2597	9	333
2598	9	243
2599	9	82
2600	9	936
2601	9	15
2602	9	190
2603	9	25
2604	9	610
2605	9	71
2606	9	937
2607	9	639
2608	9	257
2609	9	173
2610	9	214
2611	9	938
2612	9	939
2613	9	627
2614	9	448
2615	9	194
2616	9	384
2617	9	880
2618	9	324
2619	9	786
2620	9	686
2621	9	724
2622	9	845
2623	9	44
2624	9	182
2625	9	174
2626	9	940
2627	9	370
2628	9	941
2629	9	328
2630	9	597
2631	9	246
2632	9	232
2633	9	331
2634	9	559
2635	9	440
2636	9	161
2637	9	326
2638	9	66
2639	9	438
2640	9	576
2641	9	121
2642	9	911
2643	9	106
2644	9	91
2645	9	240
2646	9	98
2647	9	942
2648	9	207
2649	9	35
2650	9	818
2651	9	714
2652	9	385
2653	9	187
2654	9	461
2655	9	943
2656	9	457
2657	9	76
2658	9	944
2659	9	197
2660	9	203
2661	9	171
2662	9	945
2663	9	21
2664	9	540
2665	9	227
2666	9	83
2667	9	401
2668	9	189
2669	9	565
2670	9	338
2671	9	664
2672	9	574
2673	9	57
2674	9	123
2675	9	467
2676	9	179
2677	9	286
2678	9	812
2679	9	674
2680	9	946
2681	9	229
2682	9	110
2683	9	776
2684	9	69
2685	9	473
2686	9	85
2687	9	325
2688	9	281
2689	9	492
2690	9	410
2691	9	733
2692	9	947
2693	9	231
2694	9	948
2695	9	233
2696	9	949
2697	9	248
2698	9	950
2699	9	951
2700	9	952
2701	9	742
2702	9	11
2703	9	51
2704	9	953
2705	9	144
2706	9	687
2707	9	815
2708	9	255
2709	9	642
2710	9	77
2711	9	72
2712	9	342
2713	9	39
2714	9	954
2715	9	922
2716	9	334
2717	10	55
2718	10	172
2719	10	247
2720	10	786
2721	10	286
2722	10	70
2723	10	250
2724	10	556
2725	10	190
2726	10	97
2727	10	642
2728	10	4
2729	10	17
2730	10	360
2731	10	398
2732	10	138
2733	10	281
2734	10	66
2735	10	219
2736	10	56
2737	10	319
2738	10	53
2739	10	132
2740	10	315
2741	10	828
2742	10	78
2743	10	133
2744	10	41
2745	10	18
2746	10	191
2747	10	11
2748	10	24
2749	10	26
2750	10	816
2751	10	246
2752	10	666
2753	10	943
2754	10	120
2755	10	194
2756	10	559
2757	10	196
2758	10	460
2759	10	90
2760	10	464
2761	10	618
2762	10	540
2763	10	298
2764	10	71
2765	10	724
2766	10	50
2767	10	129
2768	10	266
2769	10	314
2770	10	531
2771	10	655
2772	10	509
2773	10	235
2774	10	592
2775	10	510
2776	10	683
2777	10	116
2778	10	380
2779	10	945
2780	10	52
2781	10	306
2782	10	143
2783	10	3
2784	10	5
2785	10	6
2786	10	171
2787	10	175
2788	10	477
2789	10	317
2790	10	480
2791	10	31
2792	10	22
2793	10	87
2794	10	399
2795	10	376
2796	10	2
2797	10	257
2798	10	431
2799	10	186
2800	10	91
2801	10	149
2802	10	197
2803	10	955
2804	10	35
2805	10	310
2806	10	366
2807	10	39
2808	10	72
2809	10	384
2810	10	7
2811	10	497
2812	10	158
2813	10	403
2814	10	256
2815	10	956
2816	10	228
2817	10	173
2818	10	59
2819	10	338
2820	10	587
2821	10	474
2822	10	486
2823	10	957
2824	10	263
2825	10	958
2826	10	156
2827	10	469
2828	10	203
2829	10	180
2830	10	686
2831	10	959
2832	10	103
2833	10	449
2834	10	670
2835	10	147
2836	10	220
2837	10	659
2838	10	214
2839	10	782
2840	10	713
2841	10	61
2842	10	388
2843	10	561
2844	10	15
2845	10	8
2846	10	324
2847	10	44
2848	10	262
2849	10	36
2850	10	565
2851	10	448
2852	10	960
2853	10	164
2854	10	430
2855	10	131
2856	10	64
2857	10	710
2858	10	237
2859	10	343
2860	10	740
2861	10	280
2862	10	269
2863	10	458
2864	10	718
2865	10	342
2866	10	853
2867	10	687
2868	10	562
2869	10	284
2870	10	60
2871	10	287
2872	10	195
2873	10	32
2874	10	961
2875	10	494
2876	10	467
2877	10	253
2878	10	379
2879	10	679
2880	10	451
2881	10	641
2882	10	161
2883	10	537
2884	10	255
2885	10	294
2886	10	516
2887	10	312
2888	10	597
2889	10	806
2890	10	293
2891	10	684
2892	10	331
2893	10	789
2894	10	962
2895	10	113
2896	10	344
2897	10	21
2898	10	98
2899	10	112
2900	10	600
2901	10	963
2902	10	309
2903	10	964
2904	10	234
2905	10	326
2906	10	239
2907	10	811
2908	10	206
2909	10	536
2910	10	391
2911	10	797
2912	10	965
2913	10	966
2914	10	967
2915	10	135
2916	10	327
2917	10	591
2918	10	283
2919	10	593
2920	10	245
2921	10	16
2922	10	320
2923	10	862
2924	10	146
2925	10	968
2926	10	243
2927	10	574
2928	10	222
2929	10	404
2930	10	105
2931	10	764
2932	10	969
2933	10	345
2934	10	669
2935	10	906
2936	10	717
2937	10	182
2938	10	681
2939	10	625
2940	10	661
2941	10	475
2942	10	43
2943	10	34
2944	10	118
2945	10	361
2946	10	76
2947	10	863
2948	10	65
2949	10	401
2950	10	970
2951	10	971
2952	10	611
2953	10	491
2954	10	744
2955	10	792
2956	10	650
2957	10	218
2958	10	845
2959	10	121
2960	10	503
2961	10	972
2962	10	973
2963	10	12
2964	10	974
2965	10	414
2966	10	46
2967	10	975
2968	10	708
2969	10	554
2970	10	759
2971	10	142
2972	10	441
2973	10	438
2974	10	210
2975	10	217
2976	10	884
2977	10	976
2978	10	977
2979	10	270
2980	10	978
2981	10	275
2982	10	891
2983	10	273
2984	10	333
2985	10	316
2986	10	748
2987	10	174
2988	10	979
2989	10	450
2990	10	82
2991	10	252
2992	10	426
2993	10	296
2994	10	924
2995	10	341
2996	10	577
2997	10	57
2998	10	27
2999	10	463
3000	10	505
3001	10	359
3002	10	258
3003	10	867
3004	10	33
3005	10	721
3006	10	111
3007	10	980
3008	10	981
3009	10	982
3010	10	983
3011	10	674
3012	10	181
3013	10	626
3014	10	803
3015	10	951
3016	10	212
3017	10	665
3018	10	812
3019	10	352
3020	10	303
3021	10	122
3022	10	913
3023	10	984
3024	10	81
3025	10	48
3026	10	660
3027	10	917
3028	10	75
3029	10	985
3030	10	888
3031	10	751
3032	10	986
3033	10	295
3034	10	819
3035	10	392
3036	10	987
3037	10	988
3038	10	664
3039	10	492
3040	10	824
3041	10	447
3042	10	434
3043	10	989
3044	10	204
3045	10	990
3046	10	991
3047	10	249
3048	10	40
3049	10	992
3050	10	993
3051	10	994
3052	10	267
3053	10	54
3054	10	723
3055	10	150
3056	10	151
3057	10	417
3058	10	995
3059	10	176
3060	10	51
3061	10	231
3062	10	493
3063	10	673
3064	10	996
3065	10	709
3066	10	302
3067	10	487
3068	10	868
3069	10	484
3070	10	773
3071	10	1
3072	10	248
3073	10	308
3074	11	276
3075	11	540
3076	11	56
3077	11	171
3078	11	144
3079	11	173
3080	11	17
3081	11	150
3082	11	255
3083	11	4
3084	11	82
3085	11	377
3086	11	43
3087	11	26
3088	11	302
3089	11	7
3090	11	404
3091	11	997
3092	11	234
3093	11	998
3094	11	228
3095	11	426
3096	11	36
3097	11	59
3098	11	204
3099	11	1
3100	11	10
3101	11	160
3102	11	55
3103	11	191
3104	11	203
3105	11	16
3106	11	50
3107	11	24
3108	11	15
3109	11	133
3110	11	120
3111	11	98
3112	11	172
3113	11	156
3114	11	78
3115	11	851
3116	11	999
3117	11	140
3118	11	224
3119	11	18
3120	11	75
3121	11	478
3122	11	553
3123	11	1000
3124	11	1001
3125	11	123
3126	11	32
3127	11	838
3128	11	748
3129	11	51
3130	11	52
3131	11	175
3132	11	41
3133	11	414
3134	11	619
3135	11	914
3136	11	256
3137	11	278
3138	11	70
3139	11	174
3140	11	267
3141	11	531
3142	11	195
3143	11	559
3144	11	84
3145	11	269
3146	11	66
3147	11	273
3148	11	243
3149	11	38
3150	11	326
3151	11	116
3152	11	42
3153	11	148
3154	11	115
3155	11	114
3156	11	364
3157	11	212
3158	11	403
3159	11	410
3160	11	286
3161	11	704
3162	11	713
3163	11	106
3164	11	618
3165	11	39
3166	11	91
3167	11	1002
3168	11	418
3169	11	330
3170	11	22
3171	11	6
3172	11	5
3173	11	146
3174	11	164
3175	11	189
3176	11	210
3177	11	157
3178	11	904
3179	11	938
3180	11	30
3181	11	1003
3182	11	270
3183	11	333
3184	11	196
3185	11	3
3186	11	497
3187	11	11
3188	11	219
3189	11	745
3190	11	724
3191	11	74
3192	11	770
3193	11	457
3194	11	417
3195	11	345
3196	11	262
3197	11	34
3198	11	344
3199	11	325
3200	11	138
3201	11	280
3202	11	87
3203	11	721
3204	11	789
3205	11	1004
3206	11	19
3207	11	913
3208	11	454
3209	11	783
3210	11	231
3211	11	21
3212	11	1005
3213	11	423
3214	11	871
3215	11	1006
3216	11	311
3217	11	664
3218	11	1007
3219	11	534
3220	11	390
3221	11	717
3222	11	211
3223	11	69
3224	11	482
3225	11	350
3226	11	627
3227	11	723
3228	11	820
3229	11	744
3230	11	647
3231	11	399
3232	11	1041
3233	11	819
3234	11	609
3235	11	438
3236	11	328
3237	11	63
3238	11	1036
3239	11	450
3240	11	554
3241	11	455
3242	11	484
3243	11	136
3244	11	610
3245	11	492
3246	11	797
3247	11	611
3248	11	1011
3249	11	500
3250	11	769
3251	11	181
3252	11	809
3253	11	987
3254	11	515
3255	11	33
3256	11	941
3257	11	9
3258	11	72
3259	11	129
3260	11	1042
3261	11	1043
3262	11	1044
3263	11	28
3264	11	1024
3265	11	986
3266	11	155
3267	11	23
3268	11	452
3269	11	643
3270	11	121
3271	11	8
3272	11	425
3273	11	597
3274	12	311
3275	12	17
3276	12	62
3277	12	28
3278	12	686
3279	12	222
3280	12	406
3281	12	1008
3282	12	106
3283	12	59
3284	12	146
3285	12	375
3286	12	861
3287	12	648
3288	12	11
3289	12	6
3290	12	500
3291	12	72
3292	12	996
3293	12	26
3294	12	309
3295	12	5
3296	12	56
3297	12	203
3298	12	76
3299	12	24
3300	12	46
3301	12	191
3302	12	71
3303	12	331
3304	12	269
3305	12	16
3306	12	186
3307	12	963
3308	12	138
3309	12	52
3310	12	463
3311	12	650
3312	12	3
3313	12	977
3314	12	78
3315	12	673
3316	12	185
3317	12	238
3318	12	51
3319	12	219
3320	12	22
3321	12	308
3322	12	42
3323	12	199
3324	12	279
3325	12	938
3326	12	711
3327	12	972
3328	12	388
3329	12	18
3330	12	865
3331	12	114
3332	12	782
3333	12	164
3334	12	61
3335	12	587
3336	12	273
3337	12	31
3338	12	588
3339	12	175
3340	12	8
3341	12	1009
3342	12	265
3343	12	877
3344	12	15
3345	12	379
3346	12	832
3347	12	21
3348	12	357
3349	12	143
3350	12	133
3351	12	36
3352	12	177
3353	12	1010
3354	12	204
3355	12	293
3356	12	214
3357	12	338
3358	12	92
3359	12	563
3360	12	19
3361	12	1011
3362	12	320
3363	12	4
3364	12	395
3365	12	1012
3366	12	7
3367	12	87
3368	12	39
3369	12	637
3370	12	1013
3371	12	317
3372	12	907
3373	12	79
3374	12	616
3375	12	442
3376	12	828
3377	12	960
3378	12	723
3379	12	176
3380	12	63
3381	12	105
3382	12	825
3383	12	724
3384	12	1
3385	12	239
3386	12	341
3387	12	713
3388	12	154
3389	12	628
3390	12	73
3391	12	292
3392	12	102
3393	12	171
3394	12	50
3395	12	1014
3396	12	722
3397	12	156
3398	12	1015
3399	12	34
3400	12	247
3401	12	884
3402	12	806
3403	12	769
3404	12	834
3405	12	731
3406	12	135
3407	12	20
3408	13	7
3409	13	9
3410	13	522
3411	13	937
3412	13	17
3413	13	989
3414	13	36
3415	13	228
3416	13	824
3417	13	704
3418	13	309
3419	13	681
3420	13	96
3421	13	146
3422	13	345
3423	13	32
3424	13	251
3425	13	838
3426	13	8
3427	13	673
3428	13	693
3429	13	16
3430	13	65
3431	13	4
3432	13	51
3433	13	377
3434	13	884
3435	13	713
3436	13	22
3437	13	6
3438	13	5
3439	13	116
3440	13	717
3441	13	120
3442	13	15
3443	13	24
3444	13	50
3445	13	11
3446	13	18
3447	13	269
3448	13	144
3449	13	55
3450	13	114
3451	13	248
3452	13	71
3453	13	1016
3454	13	130
3455	13	768
3456	13	175
3457	13	28
3458	13	173
3459	13	871
3460	13	616
3461	13	241
3462	13	331
3463	13	327
3464	13	753
3465	13	996
3466	13	10
3467	13	191
3468	13	115
3469	13	648
3470	13	302
3471	13	284
3472	13	196
3473	13	399
3474	13	757
3475	13	257
3476	13	326
3477	13	450
3478	13	1017
3479	13	975
3480	13	389
3481	13	234
3482	13	395
3483	13	815
3484	13	62
3485	13	78
3486	13	650
3487	13	1018
3488	13	1019
3489	13	560
3490	13	698
3491	13	48
3492	13	34
3493	13	56
3494	13	202
3495	13	946
3496	13	26
3497	13	1020
3498	13	73
3499	13	448
3500	13	320
3501	13	1021
3502	13	417
3503	13	286
3504	13	133
3505	13	83
3506	13	102
3507	13	960
3508	13	72
3509	13	359
3510	13	1022
3511	13	828
3512	13	706
3513	13	844
3514	13	496
3515	13	906
3516	13	1023
3517	13	816
3518	13	2
3519	13	123
3520	13	932
3521	13	195
3522	13	3
3523	13	782
3524	13	66
3525	13	70
3526	13	426
3527	13	695
3528	13	204
3529	13	53
3530	13	461
3531	13	328
3532	13	684
3533	13	84
3534	13	357
3535	13	463
3536	13	1024
3537	13	404
3538	13	664
3539	13	425
3540	13	247
3541	13	1025
3542	13	495
3543	13	59
3544	13	817
3545	13	766
3546	13	848
3547	13	23
3548	13	683
3549	13	957
3550	13	952
3551	13	711
3552	13	403
3553	13	338
3554	13	259
3555	13	171
3556	13	63
3557	13	803
3558	13	1014
3559	13	316
3560	13	941
3561	13	186
3562	13	971
3563	13	38
3564	13	482
3565	13	344
3566	13	682
3567	13	143
3568	13	573
3569	13	187
3570	13	938
3571	13	352
3572	13	370
3573	13	274
3574	13	1026
3575	13	1027
3576	13	203
3577	13	180
3578	13	546
3579	13	1028
3580	14	16
3581	14	17
3582	14	114
3583	14	26
3584	14	674
3585	14	5
3586	14	191
3587	14	266
3588	14	247
3589	14	41
3590	14	146
3591	14	175
3592	14	19
3593	14	78
3594	14	194
3595	14	295
3596	14	399
3597	14	287
3598	14	269
3599	14	53
3600	14	66
3601	14	738
3602	14	18
3603	14	103
3604	14	55
3605	14	113
3606	14	138
3607	14	98
3608	14	90
3609	14	790
3610	14	120
3611	14	239
3612	14	97
3613	14	741
3614	14	76
3615	14	698
3616	14	327
3617	14	36
3618	14	161
3619	14	140
3620	14	94
3621	14	379
3622	14	775
3623	14	24
3624	14	210
3625	14	618
3626	14	133
3627	14	11
3628	14	56
3629	14	1029
3630	14	318
3631	14	920
3632	14	800
3633	14	577
3634	14	142
3635	14	168
3636	14	2
3637	14	132
3638	14	893
3639	14	234
3640	14	376
3641	14	277
3642	14	1030
3643	14	589
3644	14	416
3645	14	617
3646	14	469
3647	14	280
3648	14	1031
3649	14	512
3650	14	360
3651	14	8
3652	14	428
3653	14	44
3654	14	352
3655	14	358
3656	14	338
3657	14	1032
3658	14	122
3659	14	59
3660	14	706
3661	14	54
3662	14	172
3663	14	4
3664	14	129
3665	14	561
3666	14	6
3667	14	32
3668	14	414
3669	14	22
3670	14	153
3671	14	393
3672	14	180
3673	14	186
3674	14	116
3675	14	70
3676	14	331
3677	14	92
3678	14	495
3679	14	1033
3680	14	464
3681	14	911
3682	14	597
3683	14	380
3684	14	60
3685	14	228
3686	14	64
3687	14	189
3688	14	344
3689	14	592
3690	14	284
3691	14	201
3692	14	458
3693	14	171
3694	14	105
3695	14	816
3696	14	312
3697	14	253
3698	14	945
3699	14	509
3700	14	600
3701	14	1
3702	14	10
3703	14	1034
3704	14	101
3705	14	789
3706	14	515
3707	14	350
3708	14	204
3709	14	7
3710	14	231
3711	14	71
3712	14	704
3713	14	363
3714	14	1035
3715	14	960
3716	14	272
3717	14	647
3718	14	516
3719	14	766
3720	14	768
3721	14	810
3722	14	246
3723	14	494
3724	14	220
3725	14	34
3726	14	460
3727	14	508
3728	14	585
3729	14	88
3730	14	134
3731	14	871
3732	14	179
3733	14	288
3734	14	346
3735	14	50
3736	14	569
3737	14	319
3738	14	668
3739	14	466
3740	14	607
3741	14	39
3742	14	606
3743	14	317
3744	14	177
3745	14	15
3746	14	987
3747	14	665
3748	14	763
3749	14	362
3750	14	822
3751	14	477
3752	14	49
3753	14	860
3754	14	486
3755	14	102
3756	14	174
3757	14	744
3758	14	195
3759	14	627
3760	14	106
3761	14	3
3762	14	320
3763	14	316
3764	14	1036
3765	14	216
3766	14	190
3767	14	63
3768	14	274
3769	14	33
3770	14	574
3771	14	531
3772	14	909
3773	14	214
3774	14	336
3775	14	130
3776	14	250
3777	14	388
3778	14	586
3779	14	465
3780	14	21
3781	14	271
3782	14	537
3783	14	1037
3784	14	1038
3785	14	559
3786	14	52
3787	14	445
3788	14	372
3789	14	31
3790	14	61
3791	14	503
3792	14	369
3793	14	353
3794	14	521
3795	14	542
3796	14	257
3797	14	347
3798	14	221
3799	14	673
3800	14	238
3801	14	867
3802	14	37
3803	14	235
3804	14	275
3805	14	361
3806	14	506
3807	14	645
3808	14	1039
3809	14	664
3810	14	448
3811	14	679
3812	14	517
3813	14	173
3814	14	972
3815	14	225
3816	14	869
3817	14	164
3818	14	426
3819	14	229
3820	14	492
3821	14	1040
3822	14	610
3823	14	222
3824	14	845
3825	14	438
3826	14	795
3827	14	227
3828	14	605
3829	14	28
3830	14	337
3831	14	279
3832	14	51
3833	14	115
3834	14	286
3835	14	723
3836	14	309
3837	14	200
3838	14	834
3839	14	328
3840	14	391
3841	14	65
3842	14	357
3843	14	995
3844	14	717
3845	14	203
3846	14	326
3847	14	405
3848	14	91
3849	14	240
3850	14	342
3851	15	356
3852	15	737
3853	15	665
3854	15	756
3855	15	146
3856	15	54
3857	15	219
3858	15	234
3859	15	269
3860	15	193
3861	15	176
3862	15	2
3863	15	97
3864	15	424
3865	15	266
3866	15	138
3867	15	172
3868	15	8
3869	15	149
3870	15	9
3871	15	113
3872	15	320
3873	15	229
3874	15	709
3875	15	461
3876	15	196
3877	15	497
3878	15	365
3879	15	194
3880	15	388
3881	15	190
3882	15	34
3883	15	60
3884	15	228
3885	15	470
3886	15	17
3887	15	41
3888	15	402
3889	15	897
3890	15	70
3891	15	501
3892	15	268
3893	15	239
3894	15	246
3895	15	171
3896	15	175
3897	15	1045
3898	15	924
3899	15	436
3900	15	376
3901	15	361
3902	15	750
3903	15	1046
3904	15	71
3905	15	120
3906	15	744
3907	15	479
3908	15	1047
3909	15	670
3910	15	22
3911	15	179
3912	15	150
3913	15	295
3914	15	655
3915	15	514
3916	15	206
3917	15	1048
3918	15	3
3919	15	847
3920	15	1049
3921	15	177
3922	15	478
3923	15	98
3924	15	56
3925	15	727
3926	15	521
3927	15	398
3928	15	253
3929	15	364
3930	15	281
3931	15	78
3932	15	251
3933	15	6
3934	15	327
3935	15	348
3936	15	342
3937	15	185
3938	15	563
3939	15	115
3940	15	174
3941	15	105
3942	15	372
3943	15	379
3944	15	698
3945	15	314
3946	15	284
3947	15	777
3948	15	21
3949	15	587
3950	15	173
3951	15	7
3952	15	1050
3953	15	319
3954	15	191
3955	15	1051
3956	15	1052
3957	15	338
3958	15	552
3959	15	50
3960	15	892
3961	15	14
3962	15	26
3963	15	464
3964	15	265
3965	15	359
3966	15	353
3967	15	551
3968	15	848
3969	15	132
3970	15	407
3971	15	482
3972	15	237
3973	15	700
3974	15	267
3975	15	1053
3976	15	36
3977	15	44
3978	15	378
3979	15	1054
3980	15	1055
3981	15	257
3982	15	1056
3983	15	255
3984	15	277
3985	15	301
3986	15	679
3987	15	160
3988	15	866
3989	15	414
3990	15	1057
3991	15	13
3992	15	323
3993	15	964
3994	15	1058
3995	15	395
3996	15	680
3997	15	347
3998	15	247
3999	15	779
4000	15	76
4001	15	584
4002	15	595
4003	15	258
4004	15	5
4005	15	117
4006	15	212
4007	15	515
4008	15	308
4009	15	385
4010	15	1020
4011	15	250
4012	15	787
4013	15	911
4014	15	431
4015	15	496
4016	15	1059
4017	15	238
4018	15	302
4019	15	713
4020	15	1029
4021	15	357
4022	15	951
4023	15	366
4024	15	846
4025	15	556
4026	15	604
4027	15	419
4028	15	589
4029	15	712
4030	15	454
4031	15	635
4032	15	425
4033	15	666
4034	15	370
4035	15	826
4036	15	404
4037	15	1060
4038	15	1021
4039	15	392
4040	15	1061
4041	15	657
4042	15	66
4043	15	971
4044	15	1017
4045	15	286
4046	15	102
4047	15	845
4048	15	638
4049	15	270
4050	15	306
4051	15	597
4052	15	933
4053	15	460
4054	15	475
4055	15	4
4056	15	18
4057	15	596
4058	15	111
4059	15	463
4060	15	945
4061	15	1062
4062	15	55
4063	15	203
4064	15	192
4065	15	512
4066	15	326
4067	15	768
4068	15	1063
4069	15	972
4070	15	806
4071	15	235
4072	15	958
4073	15	784
4074	15	118
4075	15	920
4076	15	116
4077	15	702
4078	15	711
4079	15	467
4080	15	1064
4081	15	1065
4082	15	90
4083	15	1037
4084	15	57
4085	15	457
4086	15	106
4087	15	304
4088	15	403
4089	15	710
4090	15	280
4091	15	189
4092	15	776
4093	15	133
4094	15	818
4095	15	1066
4096	15	61
4097	15	474
4098	15	663
4099	15	832
4100	15	592
4101	15	867
4102	15	336
4103	15	399
4104	15	451
4105	15	820
4106	15	360
4107	15	180
4108	15	325
4109	15	615
4110	15	1067
4111	15	444
4112	15	734
4113	15	789
4114	15	860
4115	15	1068
4116	15	458
4117	15	576
4118	15	130
4119	15	447
4120	15	85
4121	15	931
4122	15	502
4123	15	591
4124	15	861
4125	15	38
4126	15	1069
4127	15	654
4128	15	1070
4129	15	96
4130	15	1071
4131	15	1072
4132	15	877
4133	15	201
4134	15	1073
4135	15	1074
4136	15	31
4137	15	668
4138	15	1075
4139	15	636
4140	15	290
4141	15	825
4142	15	109
4143	15	249
4144	15	759
4145	15	1076
4146	15	1077
4147	15	959
4148	15	963
4149	15	506
4150	15	53
4151	15	786
4152	15	1
4153	15	340
4154	15	452
4155	15	30
4156	15	849
4157	15	695
4158	15	544
4159	15	611
4160	15	559
4161	15	123
4162	15	204
4163	15	449
4164	15	683
4165	15	1078
4166	15	389
4167	15	961
4168	15	778
4169	15	816
4170	15	19
4171	15	279
4172	15	63
4173	15	1079
4174	15	292
4175	15	92
4176	15	1080
4177	15	135
4178	15	1081
4179	15	717
4180	15	648
4181	15	1030
4182	15	252
4183	15	1000
4184	15	716
4185	15	363
4186	15	766
4187	15	1082
4188	15	562
4189	15	287
4190	15	516
4191	15	751
4192	15	416
4193	15	291
4194	15	550
4195	15	693
4196	15	52
4197	15	650
4198	15	42
4199	15	893
4200	15	27
4201	15	221
4202	15	600
4203	15	39
4204	15	942
4205	15	344
4206	15	32
4207	15	245
4208	15	898
4209	15	275
4210	15	588
4211	15	72
4212	15	441
4213	15	355
4214	15	1083
4215	15	114
4216	15	309
4217	15	1084
4218	15	577
4219	15	607
4220	15	214
4221	15	545
4222	15	415
4223	15	310
4224	15	916
4225	15	350
4226	15	346
4227	15	946
4228	15	161
4229	15	231
4230	15	107
4231	15	800
4232	15	1085
4233	15	220
4234	15	15
4235	15	586
4236	15	159
4237	15	103
4238	15	1086
4239	15	857
4240	15	1087
4241	15	43
4242	15	569
4243	15	423
4244	15	186
4245	15	797
4246	15	583
4247	15	298
4248	15	902
4249	15	1088
4250	15	547
4251	15	708
4252	15	227
4253	15	772
4254	15	1089
4255	15	1090
4256	15	1091
4257	15	469
4258	15	1092
4259	15	273
4260	15	476
4261	15	480
4262	15	121
4263	15	617
4264	15	609
4265	15	760
4266	15	984
4267	15	659
4268	15	358
4269	15	81
4270	15	642
4271	15	466
4272	15	741
4273	15	468
4274	15	509
4275	15	352
4276	15	393
4277	15	794
4278	15	549
4279	15	676
4280	15	526
4281	16	2
4282	16	4
4283	16	6
4284	16	146
4285	16	63
4286	16	22
4287	16	55
4288	16	461
4289	16	361
4290	16	1093
4291	16	583
4292	16	621
4293	16	10
4294	16	1094
4295	16	1023
4296	16	26
4297	16	116
4298	16	28
4299	16	173
4300	16	36
4301	16	11
4302	16	78
4303	16	673
4304	16	120
4305	16	17
4306	16	191
4307	16	18
4308	16	494
4309	16	5
4310	16	816
4311	16	219
4312	16	59
4313	16	973
4314	16	102
4315	16	53
4316	16	70
4317	16	175
4318	16	52
4319	16	103
4320	16	286
4321	16	972
4322	16	452
4323	16	345
4324	16	8
4325	16	719
4326	16	806
4327	16	16
4328	16	960
4329	16	477
4330	16	751
4331	16	952
4332	16	217
4333	16	466
4334	16	1036
4335	16	327
4336	16	731
4337	16	1095
4338	16	151
4339	16	1096
4340	16	853
4341	16	1097
4342	16	404
4343	16	718
4344	16	138
4345	16	328
4346	16	686
4347	16	753
4348	16	635
4349	16	495
4350	16	414
4351	16	597
4352	16	135
4353	16	1098
4354	16	360
4355	16	467
4356	16	56
4357	16	786
4358	16	51
4359	16	682
4360	16	344
4361	16	996
4362	16	71
4363	16	1024
4364	16	125
4365	16	295
4366	16	1032
4367	16	7
4368	16	832
4369	16	157
4370	16	871
4371	16	1099
4372	16	695
4373	16	283
4374	16	66
4375	16	627
4376	16	604
4377	16	552
4378	16	50
4379	16	24
4380	16	218
4381	16	269
4382	16	320
4383	16	698
4384	16	717
4385	16	790
4386	16	824
4387	16	655
4388	16	842
4389	16	92
4390	16	556
4391	16	34
4392	16	15
4393	16	121
4394	16	586
4395	16	261
4396	16	795
4397	16	61
4398	16	149
4399	16	167
4400	16	1017
4401	16	270
4402	16	97
4403	16	884
4404	16	642
4405	16	106
4406	16	498
4407	16	57
4408	16	516
4409	16	132
4410	16	571
4411	16	945
4412	16	588
4413	16	664
4414	16	161
4415	16	906
4416	16	85
4417	16	546
4418	16	308
4419	16	250
4420	16	114
4421	16	91
4422	16	76
4423	16	820
4424	16	147
4425	16	1100
4426	16	110
4427	16	372
4428	16	144
4429	16	314
4430	16	176
4431	16	1101
4432	16	1102
4433	16	930
4434	16	536
4435	16	32
4436	16	426
4437	16	72
4438	16	1
4439	16	171
4440	16	136
4441	16	122
4442	16	739
4443	16	876
4444	16	660
4445	16	353
4446	16	201
4447	16	153
4448	16	969
4449	16	186
4450	16	455
4451	16	38
4452	16	94
4453	16	9
4454	16	723
4455	16	214
4456	16	896
4457	16	294
4458	16	619
4459	16	942
4460	16	949
4461	16	624
4462	16	376
4463	16	33
4464	16	812
4465	16	196
4466	16	440
4467	16	399
4468	16	267
4469	16	450
4470	16	174
4471	16	262
4472	16	41
4473	16	216
4474	16	392
4475	16	326
4476	16	898
4477	16	468
4478	16	229
4479	16	54
4480	16	111
4481	16	888
4482	16	1103
4483	16	379
4484	16	418
4485	16	375
4486	16	447
4487	16	3
4488	16	90
4489	16	317
4490	17	22
4491	17	504
4492	17	1104
4493	17	203
4494	17	56
4495	17	381
4496	17	674
4497	17	416
4498	17	421
4499	17	357
4500	17	61
4501	17	87
4502	17	368
4503	17	36
4504	17	4
4505	17	256
4506	17	174
4507	17	585
4508	17	346
4509	17	178
4510	17	191
4511	17	3
4512	17	740
4513	17	79
4514	17	863
4515	17	63
4516	17	604
4517	17	133
4518	17	668
4519	17	589
4520	17	526
4521	17	399
4522	17	317
4523	17	507
4524	17	1074
4525	17	1105
4526	17	629
4527	17	971
4528	17	764
4529	17	173
4530	17	452
4531	17	642
4532	17	59
4533	17	70
4534	17	257
4535	17	1106
4536	17	231
4537	17	968
4538	17	1107
4539	17	39
4540	17	1036
4541	17	655
4542	17	76
4543	17	469
4544	17	345
4545	17	400
4546	17	18
4547	17	180
4548	17	401
4549	17	329
4550	17	363
4551	17	175
4552	17	1108
4553	17	55
4554	17	6
4555	17	57
4556	17	15
4557	17	16
4558	17	229
4559	17	65
4560	17	17
4561	17	710
4562	17	117
4563	17	269
4564	17	270
4565	17	467
4566	17	936
4567	17	426
4568	17	763
4569	17	352
4570	17	657
4571	17	441
4572	17	97
4573	17	52
4574	17	214
4575	17	113
4576	17	138
4577	17	486
4578	17	851
4579	17	41
4580	17	1109
4581	17	251
4582	17	347
4583	17	1110
4584	17	1089
4585	17	137
4586	17	280
4587	17	916
4588	17	654
4589	17	920
4590	17	243
4591	17	783
4592	17	495
4593	17	749
4594	17	1111
4595	17	62
4596	17	388
4597	17	905
4598	17	431
4599	17	856
4600	17	361
4601	17	1112
4602	17	179
4603	17	393
4604	17	236
4605	17	102
4606	17	535
4607	17	333
4608	17	422
4609	17	423
4610	17	54
4611	17	186
4612	17	769
4613	17	64
4614	17	756
4615	17	545
4616	17	511
4617	17	739
4618	17	505
4619	17	379
4620	17	326
4621	17	860
4622	17	838
4623	17	330
4624	17	424
4625	17	114
4626	17	208
4627	17	334
4628	17	362
4629	17	650
4630	17	247
4631	17	216
4632	17	470
4633	17	204
4634	17	171
4635	17	28
4636	17	512
4637	17	168
4638	17	32
4639	17	136
4640	17	617
4641	17	8
4642	17	321
4643	17	522
4644	17	295
4645	17	1000
4646	17	540
4647	17	813
4648	17	660
4649	17	258
4650	17	1048
4651	17	159
4652	17	156
4653	17	819
4654	17	149
4655	17	862
4656	17	150
4657	17	154
4658	17	565
4659	17	324
4660	17	946
4661	17	853
4662	17	91
4663	17	378
4664	17	369
4665	17	681
4666	17	123
4667	17	680
4668	17	241
4669	17	21
4670	17	7
4671	17	5
4672	17	960
4673	17	66
4674	17	895
4675	17	550
4676	17	781
4677	17	199
4678	17	67
4679	17	770
4680	17	430
4681	17	395
4682	17	228
4683	17	253
4684	17	666
4685	17	1113
4686	17	225
4687	17	934
4688	17	947
4689	17	601
4690	17	987
4691	17	134
4692	17	1114
4693	17	482
4694	17	500
4695	17	414
4696	17	662
4697	17	664
4698	17	897
4699	17	298
4700	17	315
4701	17	24
4702	17	384
4703	17	238
4704	17	1006
4705	17	234
4706	17	433
4707	17	1115
4708	17	603
4709	17	573
4710	17	490
4711	17	497
4712	17	43
4713	17	38
4714	17	146
4715	17	81
4716	17	27
4717	17	639
4718	17	84
4719	17	1116
4720	17	11
4721	17	131
4722	17	753
4723	17	1027
4724	17	51
4725	17	212
4726	17	184
4727	17	116
4728	17	1
4729	17	619
4730	17	359
4731	17	120
4732	17	737
4733	17	308
4734	17	606
4735	17	455
4736	17	717
4737	17	1117
4738	17	541
4739	17	1118
4740	17	718
4741	17	218
4742	17	164
4743	17	144
4744	17	341
4745	17	86
4746	17	219
4747	17	1119
4748	17	823
4749	17	1120
4750	17	112
4751	17	552
4752	17	480
4753	17	26
4754	17	887
4755	17	1051
4756	17	9
4757	17	222
4758	17	342
4759	17	135
4760	17	922
4761	17	865
4762	17	34
4763	17	881
4764	17	744
4765	17	1121
4766	17	610
4767	17	356
4768	17	487
4769	17	814
4770	17	1122
4771	17	637
4772	17	50
4773	17	1123
4774	17	292
4775	17	2
4776	17	473
4777	17	349
4778	17	350
4779	17	624
4780	17	494
4781	17	587
4782	17	736
4783	17	60
4784	17	404
4785	17	635
4786	17	827
4787	17	687
4788	17	268
4789	17	151
4790	17	448
4791	17	812
4792	17	196
4793	17	843
4794	17	364
4795	17	336
4796	17	537
4797	17	1159
4798	17	96
4799	17	1160
4800	17	824
4801	17	105
4802	17	375
4803	17	284
4804	17	327
4805	17	888
4806	17	161
4807	17	826
4808	17	845
4809	17	92
4810	17	1024
4811	17	1161
4812	17	984
4813	17	1145
4814	17	29
4815	17	670
4816	17	821
4817	17	1162
4818	17	516
4819	17	115
4820	17	689
4821	17	801
4822	17	1163
4823	17	941
4824	17	811
4825	17	44
4826	17	82
4827	17	686
4828	17	1087
4829	17	1032
4830	17	748
4831	17	328
4832	17	190
4833	17	338
4834	17	23
4835	17	343
4836	17	645
4837	17	815
4838	17	42
4839	17	122
4840	17	126
4841	17	914
4842	17	900
4843	17	733
4844	17	918
4845	17	167
4846	17	246
4847	17	1164
4848	17	492
4849	17	53
4850	17	797
4851	17	871
4852	17	418
4853	17	1125
4854	17	1176
4855	17	1140
4856	17	373
4857	17	546
4858	17	277
4859	17	844
4860	17	411
4861	17	828
4862	17	1177
4863	17	450
4864	17	1178
4865	17	483
4866	17	1005
4867	17	809
4868	17	1179
4869	17	239
4870	17	771
4871	17	189
4872	17	761
4873	17	921
4874	17	331
4875	17	98
4876	17	90
4877	17	1180
4878	17	1181
4879	17	615
4880	17	556
4881	17	995
4882	17	673
4883	17	996
4884	17	841
4885	17	261
4886	17	817
4887	17	121
4888	17	274
4889	17	745
4890	17	559
4891	17	75
4892	17	273
4893	17	1086
4894	17	200
4895	17	643
4896	17	1182
4897	17	1079
4898	17	1001
4899	17	898
4900	17	766
4901	17	1063
4902	17	360
4903	17	235
4904	17	1209
4905	17	406
4906	17	370
4907	17	211
4908	17	206
4909	17	172
4910	17	220
4911	17	816
4912	17	385
4913	17	325
4914	17	1020
4915	17	468
4916	17	558
4917	17	1210
4918	17	1211
4919	17	425
4920	17	735
4921	17	1188
4922	17	160
4923	17	820
4924	17	314
4925	17	107
4926	17	390
4927	17	108
4928	17	78
4929	17	290
4930	17	309
4931	17	176
4932	17	616
4933	17	708
4934	17	536
4935	17	296
4936	17	698
4937	17	508
4938	17	291
4939	17	1212
4940	17	182
4941	17	320
4942	17	85
4943	17	202
4944	17	454
4945	17	803
4946	17	532
4947	17	554
4948	17	857
4949	17	1197
4950	17	729
4951	17	286
4952	17	692
4953	17	728
4954	17	1100
4955	17	1156
4956	17	1213
4957	17	935
4958	17	195
4959	17	1148
4960	17	810
4961	17	1204
4962	17	413
4963	17	884
4964	17	351
4965	17	94
4966	17	741
4967	17	1186
4968	17	570
4969	17	722
4970	17	254
4971	17	344
4972	17	1004
4973	17	878
4974	17	478
4975	17	278
4976	17	1153
4977	17	1007
4978	17	434
4979	17	166
4980	17	1214
4981	17	1215
4982	18	55
4983	18	34
4984	18	261
4985	18	197
4986	18	174
4987	18	243
4988	18	179
4989	18	221
4990	18	186
4991	18	191
4992	18	56
4993	18	70
4994	18	242
4995	18	393
4996	18	120
4997	18	377
4998	18	398
4999	18	270
5000	18	3
5001	18	114
5002	18	452
5003	18	256
5004	18	900
5005	18	18
5006	18	36
5007	18	203
5008	18	262
5009	18	320
5010	18	356
5011	18	905
5012	18	333
5013	18	41
5014	18	144
5015	18	657
5016	18	39
5017	18	1124
5018	18	22
5019	18	404
5020	18	346
5021	18	112
5022	18	175
5023	18	295
5024	18	4
5025	18	43
5026	18	516
5027	18	597
5028	18	269
5029	18	69
5030	18	123
5031	18	643
5032	18	844
5033	18	368
5034	18	6
5035	18	196
5036	18	1024
5037	18	59
5038	18	102
5039	18	329
5040	18	17
5041	18	460
5042	18	1125
5043	18	247
5044	18	173
5045	18	121
5046	18	1111
5047	18	379
5048	18	970
5049	18	50
5050	18	565
5051	18	52
5052	18	533
5053	18	344
5054	18	26
5055	18	143
5056	18	164
5057	18	7
5058	18	1063
5059	18	292
5060	18	1076
5061	18	991
5062	18	259
5063	18	1126
5064	18	645
5065	18	540
5066	18	146
5067	18	8
5068	18	274
5069	18	744
5070	18	204
5071	18	16
5072	18	1121
5073	18	996
5074	18	395
5075	18	172
5076	18	115
5077	18	324
5078	18	294
5079	18	5
5080	18	723
5081	18	180
5082	18	257
5083	18	698
5084	18	53
5085	18	72
5086	18	573
5087	18	150
5088	18	15
5089	18	135
5090	18	330
5091	18	631
5092	18	176
5093	18	2
5094	18	1127
5095	18	236
5096	18	1128
5097	18	1129
5098	18	663
5099	18	106
5100	18	92
5101	18	953
5102	18	940
5103	18	1130
5104	18	936
5105	18	907
5106	18	24
5107	18	967
5108	18	21
5109	18	241
5110	18	357
5111	18	214
5112	18	9
5113	18	11
5114	18	717
5115	18	751
5116	18	219
5117	18	639
5118	18	280
5119	18	326
5120	18	271
5121	18	25
5122	18	286
5123	18	192
5124	18	97
5125	18	1058
5126	18	258
5127	18	246
5128	18	212
5129	18	78
5130	18	98
5131	18	248
5132	18	136
5133	18	546
5134	18	23
5135	18	1131
5136	18	1132
5137	18	255
5138	18	665
5139	18	195
5140	18	376
5141	18	486
5142	18	238
5143	18	838
5144	18	648
5145	18	251
5146	18	194
5147	18	54
5148	18	90
5149	18	32
5150	18	979
5151	18	1028
5152	18	494
5153	18	288
5154	18	1133
5155	18	400
5156	18	949
5157	18	133
5158	18	588
5159	18	233
5160	18	440
5161	18	682
5162	18	612
5163	18	317
5164	18	783
5165	18	414
5166	18	451
5167	18	1032
5168	18	177
5169	18	237
5170	18	701
5171	18	60
5172	18	265
5173	18	63
5174	18	209
5175	18	312
5176	18	161
5177	18	109
5178	18	559
5179	18	302
5180	18	76
5181	18	38
5182	18	512
5183	18	591
5184	18	138
5185	18	477
5186	18	798
5187	18	935
5188	18	91
5189	18	605
5190	18	361
5191	18	132
5192	18	352
5193	18	806
5194	18	234
5195	18	531
5196	18	853
5197	18	587
5198	18	1134
5199	18	1135
5200	18	201
5201	18	869
5202	18	268
5203	18	891
5204	18	208
5205	18	1116
5206	18	1136
5207	18	513
5208	18	642
5209	18	816
5210	18	547
5211	18	716
5212	18	585
5213	18	336
5214	18	301
5215	18	849
5216	18	603
5217	18	446
5218	18	604
5219	18	267
5220	18	618
5221	18	671
5222	18	687
5223	18	210
5224	18	362
5225	18	471
5226	18	426
5227	18	44
5228	18	367
5229	18	298
5230	18	94
5231	18	1159
5232	18	868
5233	18	1012
5234	18	103
5235	18	1167
5236	18	105
5237	18	152
5238	18	340
5239	18	149
5240	18	399
5241	18	828
5242	18	122
5243	18	756
5244	18	314
5245	18	385
5246	18	467
5247	18	206
5248	18	327
5249	18	429
5250	18	19
5251	18	124
5252	18	1168
5253	18	768
5254	18	766
5255	18	810
5256	18	345
5257	18	577
5258	18	293
5259	18	229
5260	18	438
5261	18	57
5262	18	1183
5263	18	1184
5264	18	1057
5265	18	568
5266	18	374
5267	18	813
5268	18	278
5269	18	803
5270	18	821
5271	18	957
5272	18	847
5273	18	235
5274	18	1185
5275	18	732
5276	18	116
5277	18	266
5278	18	296
5279	18	110
5280	18	1186
5281	18	888
5282	18	27
5283	18	686
5284	18	84
5285	18	250
5286	18	410
5287	18	117
5288	18	450
5289	18	167
5290	18	625
5291	18	284
5292	18	130
5293	18	797
5294	18	750
5295	18	225
5296	18	49
5297	18	820
5298	18	396
5299	18	1187
5300	18	88
5301	18	254
5302	18	213
5303	18	281
5304	18	418
5305	18	341
5306	18	1188
5307	18	182
5308	18	708
5309	18	737
5310	18	607
5311	18	871
5312	18	676
5313	18	86
5314	18	1021
5315	18	347
5316	18	360
5317	18	1022
5318	18	897
5319	18	965
5320	18	1050
5321	18	726
5322	18	448
5323	18	370
5324	18	968
5325	18	187
5326	18	1106
5327	18	472
5328	18	147
5329	18	1189
5330	18	887
5331	18	68
5332	18	1190
5333	18	922
5334	18	743
5335	18	80
5336	18	20
5337	18	447
5338	18	918
5339	18	1191
5340	18	637
5341	18	495
5342	18	570
5343	18	156
5344	18	318
5345	18	228
5346	18	635
5347	18	1192
5348	18	96
5349	18	464
5350	18	938
5351	18	216
5352	18	846
5353	18	151
5354	18	10
5355	18	1204
5356	18	409
5357	18	308
5358	18	310
5359	18	865
5360	18	741
5361	18	140
5362	18	507
5363	18	350
5364	18	381
5365	18	549
5366	18	111
5367	19	52
5368	19	82
5369	19	452
5370	19	175
5371	19	36
5372	19	26
5373	19	18
5374	19	5
5375	19	56
5376	19	330
5377	19	813
5378	19	256
5379	19	203
5380	19	905
5381	19	186
5382	19	191
5383	19	4
5384	19	54
5385	19	552
5386	19	6
5387	19	1137
5388	19	84
5389	19	646
5390	19	71
5391	19	219
5392	19	352
5393	19	353
5394	19	1000
5395	19	8
5396	19	585
5397	19	79
5398	19	376
5399	19	361
5400	19	157
5401	19	558
5402	19	536
5403	19	734
5404	19	154
5405	19	15
5406	19	144
5407	19	400
5408	19	138
5409	19	416
5410	19	1074
5411	19	853
5412	19	146
5413	19	3
5414	19	243
5415	19	292
5416	19	88
5417	19	59
5418	19	17
5419	19	32
5420	19	1138
5421	19	269
5422	19	24
5423	19	25
5424	19	97
5425	19	516
5426	19	740
5427	19	486
5428	19	686
5429	19	204
5430	19	1139
5431	19	16
5432	19	123
5433	19	200
5434	19	80
5435	19	50
5436	19	168
5437	19	234
5438	19	344
5439	19	303
5440	19	668
5441	19	317
5442	19	133
5443	19	164
5444	19	27
5445	19	245
5446	19	94
5447	19	42
5448	19	283
5449	19	196
5450	19	247
5451	19	693
5452	19	7
5453	19	991
5454	19	582
5455	19	294
5456	19	314
5457	19	597
5458	19	732
5459	19	10
5460	19	642
5461	19	1140
5462	19	333
5463	19	1092
5464	19	298
5465	19	171
5466	19	63
5467	19	55
5468	19	61
5469	19	1141
5470	19	411
5471	19	1
5472	19	783
5473	19	838
5474	19	112
5475	19	291
5476	19	709
5477	19	231
5478	19	357
5479	19	601
5480	19	190
5481	19	93
5482	19	513
5483	19	343
5484	19	278
5485	19	722
5486	19	143
5487	19	487
5488	19	615
5489	19	952
5490	19	1142
5491	19	401
5492	19	41
5493	19	258
5494	19	1016
5495	19	968
5496	19	189
5497	19	936
5498	19	11
5499	19	78
5500	19	329
5501	19	85
5502	19	66
5503	19	308
5504	19	426
5505	19	254
5506	19	273
5507	19	104
5508	19	878
5509	19	565
5510	19	102
5511	19	677
5512	19	180
5513	19	907
5514	19	70
5515	19	418
5516	19	564
5517	19	384
5518	19	179
5519	19	197
5520	19	349
5521	19	445
5522	19	276
5523	19	884
5524	19	844
5525	19	1193
5526	19	150
5527	19	431
5528	19	871
5529	19	674
5530	19	28
5531	19	448
5532	19	309
5533	20	56
5534	20	18
5535	20	74
5536	20	50
5537	20	36
5538	20	693
5539	20	276
5540	20	52
5541	20	324
5542	20	51
5543	20	71
5544	20	269
5545	20	688
5546	20	97
5547	20	17
5548	20	426
5549	20	361
5550	20	28
5551	20	5
5552	20	214
5553	20	116
5554	20	175
5555	20	330
5556	20	146
5557	20	8
5558	20	180
5559	20	120
5560	20	318
5561	20	379
5562	20	1143
5563	20	26
5564	20	191
5565	20	190
5566	20	938
5567	20	242
5568	20	495
5569	20	6
5570	20	41
5571	20	173
5572	20	709
5573	20	204
5574	20	63
5575	20	144
5576	20	373
5577	20	257
5578	20	24
5579	20	70
5580	20	530
5581	20	32
5582	20	174
5583	20	645
5584	20	865
5585	20	65
5586	20	25
5587	20	878
5588	20	264
5589	20	1144
5590	20	197
5591	20	11
5592	20	389
5593	20	15
5594	20	452
5595	20	59
5596	20	1145
5597	20	344
5598	20	29
5599	20	279
5600	20	19
5601	20	901
5602	20	203
5603	20	250
5604	20	906
5605	20	370
5606	20	164
5607	20	684
5608	20	4
5609	20	644
5610	20	200
5611	20	338
5612	20	302
5613	20	147
5614	20	657
5615	20	946
5616	20	973
5617	20	1146
5618	20	39
5619	20	676
5620	20	33
5621	20	20
5622	20	234
5623	20	633
5624	20	186
5625	20	686
5626	20	1087
5627	20	968
5628	20	936
5629	20	642
5630	20	521
5631	20	176
5632	20	1124
5633	20	627
5634	20	1147
5635	20	218
5636	20	111
5637	20	639
5638	20	1148
5639	20	181
5640	20	123
5641	20	121
5642	20	329
5643	20	470
5644	20	16
5645	20	1007
5646	20	92
5647	20	236
5648	20	322
5649	20	599
5650	20	602
5651	20	838
5652	20	229
5653	20	376
5654	20	1149
5655	20	643
5656	20	1150
5657	20	247
5658	20	38
5659	20	800
5660	20	418
5661	20	831
5662	20	400
5663	20	813
5664	20	624
5665	20	710
5666	20	401
5667	20	256
5668	20	743
5669	20	568
5670	20	673
5671	20	177
5672	20	482
5673	20	811
5674	20	960
5675	20	182
5676	20	171
5677	20	284
5678	20	243
5679	20	345
5680	20	27
5681	20	333
5682	20	1151
5683	20	656
5684	20	219
5685	20	952
5686	20	540
5687	20	905
5688	20	61
5689	20	1152
5690	20	908
5691	20	726
5692	20	974
5693	20	278
5694	20	349
5695	20	841
5696	20	82
5697	20	292
5698	20	1153
5699	20	497
5700	20	294
5701	20	1099
5702	20	1154
5703	20	795
5704	20	1016
5705	20	1155
5706	20	834
5707	20	339
5708	20	9
5709	20	821
5710	20	78
5711	20	1169
5712	20	85
5713	20	21
5714	20	43
5715	20	801
5716	20	447
5717	20	334
5718	20	853
5719	20	477
5720	20	664
5721	20	538
5722	20	393
5723	20	558
5724	20	209
5725	20	55
5726	20	368
5727	20	193
5728	20	57
5729	20	374
5730	20	133
5731	20	1032
5732	20	766
5733	20	768
5734	20	54
5735	20	2
5736	20	114
5737	20	69
5738	20	1170
5739	20	150
5740	20	520
5741	20	570
5742	20	756
5743	20	603
5744	20	585
5745	20	608
5746	20	705
5747	20	1171
5748	20	167
5749	20	306
5750	20	569
5751	20	1172
5752	20	138
5753	20	136
5754	20	1134
5755	20	917
5756	20	233
5757	20	162
5758	20	911
5759	20	102
5760	20	713
5761	20	509
5762	20	1158
5763	20	309
5764	20	312
5765	20	1
5766	20	789
5767	20	241
5768	20	428
5769	20	1173
5770	20	1174
5771	20	295
5772	20	494
5773	20	228
5774	20	86
5775	20	107
5776	20	23
5777	20	113
5778	20	149
5779	20	916
5780	20	60
5781	20	519
5782	20	694
5783	20	231
5784	20	820
5785	20	1116
5786	20	500
5787	20	3
5788	20	122
5789	20	828
5790	20	132
5791	20	76
5792	20	649
5793	20	1108
5794	20	438
5795	20	565
5796	20	277
5797	20	980
5798	20	945
5799	20	682
5800	20	196
5801	20	159
5802	20	449
5803	20	505
5804	20	753
5805	20	66
5806	20	398
5807	20	424
5808	20	806
5809	20	388
5810	20	1089
5811	20	331
5812	20	469
5813	20	1175
5814	20	810
5815	20	549
5816	20	698
5817	20	1019
5818	20	748
5819	20	341
5820	20	382
5821	20	31
5822	20	552
5823	20	202
5824	20	503
5825	20	782
5826	20	994
5827	20	818
5828	20	112
5829	20	131
5830	20	784
5831	20	741
5832	20	846
5833	20	484
5834	20	863
5835	20	336
5836	20	391
5837	20	650
5838	20	239
5839	20	246
5840	20	135
5841	20	844
5842	20	921
5843	20	315
5844	20	1194
5845	20	350
5846	20	255
5847	20	357
5848	20	384
5849	20	110
5850	20	531
5851	20	501
5852	20	659
5853	20	512
5854	20	237
5855	20	1195
5856	20	1196
5857	20	597
5858	20	970
5859	20	797
5860	20	564
5861	20	671
5862	20	604
5863	20	270
5864	20	674
5865	20	363
5866	20	953
5867	20	985
5868	20	7
5869	20	691
5870	20	1197
5871	20	254
5872	20	832
5873	20	156
5874	20	1189
5875	20	1198
5876	20	722
5877	20	721
5878	20	155
5879	20	126
5880	20	317
5881	20	1199
5882	20	94
5883	20	34
5884	20	775
5885	20	807
5886	20	809
5887	20	1200
5888	20	1201
5889	20	403
5890	20	1202
5891	20	216
5892	20	626
5893	20	337
5894	20	129
5895	20	427
5896	20	179
5897	20	414
5898	20	817
5899	20	1106
5900	20	742
5901	20	816
5902	20	582
5903	20	871
5904	20	468
5905	20	77
5906	20	327
5907	20	719
5908	20	1027
5909	20	381
5910	20	695
5911	20	1011
5912	20	847
5913	20	744
5914	20	915
5915	20	221
5916	20	1048
5917	20	410
5918	20	408
5919	20	422
5920	20	298
5921	20	1100
5922	20	274
5923	20	84
5924	20	1203
5925	20	1002
5926	20	534
5927	20	732
5928	20	944
5929	20	735
5930	20	574
5931	20	513
5932	20	49
5933	20	750
5934	20	560
5935	20	556
5936	20	210
5937	20	941
5938	20	429
5939	20	1182
5940	20	1205
5941	20	272
5942	20	723
5943	20	1018
5944	20	73
5945	20	884
5946	20	416
5947	20	740
5948	20	316
5949	20	359
5950	20	151
5951	20	1103
5952	20	897
5953	20	1206
5954	20	115
5955	20	589
5956	21	56
5957	21	811
5958	21	111
5959	21	71
5960	21	5
5961	21	66
5962	21	2
5963	21	901
5964	21	55
5965	21	15
5966	21	4
5967	21	17
5968	21	401
5969	21	181
5970	21	257
5971	21	191
5972	21	11
5973	21	682
5974	21	78
5975	21	218
5976	21	173
5977	21	204
5978	21	345
5979	21	59
5980	21	52
5981	21	36
5982	21	65
5983	21	561
5984	21	18
5985	21	1156
5986	21	6
5987	21	741
5988	21	262
5989	21	1157
5990	21	8
5991	21	996
5992	21	180
5993	21	24
5994	21	203
5995	21	190
5996	21	1158
5997	21	463
5998	21	595
5999	21	26
6000	21	147
6001	21	604
6002	21	22
6003	21	120
6004	21	219
6005	21	664
6006	21	133
6007	21	41
6008	21	377
6009	21	269
6010	21	25
6011	21	404
6012	21	660
6013	21	231
6014	21	324
6015	21	452
6016	21	516
6017	21	934
6018	21	3
6019	21	186
6020	21	27
6021	21	70
6022	21	340
6023	21	50
6024	21	258
6025	21	315
6026	21	626
6027	21	69
6028	21	32
6029	21	1024
6030	21	189
6031	21	530
6032	21	171
6033	21	170
6034	21	39
6035	21	150
6036	21	177
6037	21	717
6038	21	1150
6039	21	646
6040	21	686
6041	21	1165
6042	21	256
6043	21	209
6044	21	23
6045	21	438
6046	21	250
6047	21	247
6048	21	513
6049	21	229
6050	21	344
6051	21	1087
6052	21	673
6053	21	748
6054	21	326
6055	21	445
6056	21	379
6057	21	465
6058	21	40
6059	21	98
6060	21	585
6061	21	184
6062	21	28
6063	21	85
6064	21	135
6065	21	329
6066	21	491
6067	21	789
6068	21	53
6069	21	54
6070	21	668
6071	21	1
6072	21	938
6073	21	123
6074	21	245
6075	21	1166
6076	21	638
6077	21	422
6078	21	10
6079	21	21
6080	21	635
6081	21	168
6082	21	773
6083	21	19
6084	21	43
6085	21	132
6086	21	552
6087	21	973
6088	21	84
6089	21	114
6090	21	161
6091	21	91
6092	21	376
6093	21	352
6094	21	907
6095	21	995
6096	21	945
6097	21	613
6098	21	1009
6099	21	905
6100	21	470
6101	21	115
6102	21	450
6103	21	904
6104	21	593
6105	21	587
6106	21	1207
6107	21	294
6108	21	243
6109	21	292
6110	21	618
6111	21	175
6112	21	214
6113	21	750
6114	21	281
6115	21	1208
6116	21	471
6117	21	1183
6118	21	333
6119	21	723
6120	21	821
6121	21	264
6122	21	200
6123	21	820
6124	21	896
6125	21	556
6126	21	374
6127	21	539
6128	21	970
6129	21	481
6130	21	16
6131	21	159
6132	21	1216
6133	21	771
6134	21	310
6135	21	400
6136	21	1217
6137	21	968
6138	21	639
6139	21	838
6140	21	255
6141	21	88
6142	21	7
6143	21	492
6144	21	116
6145	21	206
6146	21	192
6147	21	286
6148	21	647
6149	21	138
6150	21	819
6151	21	783
6152	21	82
6153	21	217
6154	21	94
6155	21	357
6156	21	957
6157	21	86
6158	21	570
6159	21	276
6160	21	642
6161	21	246
6162	21	97
6163	21	110
6164	21	167
6165	21	813
6166	21	241
6167	21	360
6168	21	254
6169	21	330
6170	21	149
6171	21	915
6172	21	951
6173	21	1218
6174	21	573
6175	21	9
6176	21	144
