rowcode	selection	commodity
11175	35	50
11176	35	22
11177	35	70
11178	35	283
11179	35	110
11180	35	87
11181	35	5
11182	35	1381
11183	35	735
11184	35	17
11185	35	81
11186	35	66
11187	35	175
11188	35	360
11189	35	461
11190	35	55
11191	35	1024
11192	35	6
11193	35	585
11194	35	449
11195	35	917
11196	35	505
11197	35	1156
11198	35	85
11199	35	72
11200	35	996
11201	35	54
11202	35	1185
11203	35	811
11204	35	156
11205	35	19
11206	35	510
11207	35	133
11208	35	228
11209	35	1079
11210	35	353
11211	35	253
11212	35	251
11213	35	769
11214	35	114
11215	35	38
11216	35	676
11217	35	940
11218	35	808
11219	35	937
11220	35	616
11221	35	1038
11222	35	120
11223	35	7
11224	35	144
11225	35	544
11226	35	1276
11227	35	31
11228	35	126
11229	35	1234
11230	35	129
11231	35	741
11232	35	121
11233	35	32
11234	35	1236
11235	35	950
11236	35	992
11237	35	279
11238	35	29
11239	35	138
11240	35	111
11241	35	1242
11242	35	1233
11243	35	1222
11244	35	588
11245	35	244
11246	35	750
11247	35	190
11248	35	556
11249	35	3
11250	35	39
11251	35	295
11252	35	352
11253	35	997
11254	35	161
11255	35	871
11256	35	145
11257	35	739
11258	35	13
11259	35	90
11260	35	851
11261	35	503
11262	35	18
11263	35	254
11264	35	664
11265	35	850
11266	35	1081
11267	35	1173
11268	35	1
11269	35	146
11270	35	1059
11271	35	469
11272	35	495
11273	35	446
11274	35	863
11275	35	255
11276	35	1376
11277	35	1042
11278	35	285
11279	35	956
11280	35	786
11281	35	401
11282	35	1147
11283	35	809
11284	35	525
11285	35	1265
11286	35	59
11287	35	466
11288	35	515
11289	35	1166
11290	35	981
11291	35	1235
11292	35	93
11293	35	342
11294	35	44
11295	35	211
11296	35	157
11297	35	543
11298	35	629
11299	35	152
11300	35	698
11301	35	751
11302	35	104
11303	35	907
11304	35	358
11305	35	594
11306	35	153
11307	35	62
11308	35	938
11309	35	48
11310	35	250
11311	35	160
11312	35	1218
11313	35	790
11314	35	642
11315	35	28
11316	35	71
11317	35	844
11318	35	63
11319	35	74
11320	35	582
11321	35	379
11322	35	535
11323	35	40
11324	35	430
11325	35	147
11326	35	186
11327	35	26
11328	35	12
11329	35	306
11330	35	79
11331	35	406
11332	35	1328
11333	35	382
11334	35	75
11335	35	334
11336	35	416
11337	35	916
11338	35	552
11339	35	1215
11340	35	49
11341	35	43
11342	35	1329
11343	35	116
11344	35	123
11345	35	913
11346	35	783
11347	35	1025
11348	35	206
11349	35	20
11350	35	765
11351	35	399
11352	35	619
11353	35	94
11354	35	1231
11355	35	1074
11356	35	1317
11357	35	346
11358	35	489
11359	35	812
11360	35	527
11361	35	1380
11362	35	1343
11363	35	10
11364	35	84
11365	35	998
11366	35	788
11367	35	1414
11368	35	97
11369	35	234
11370	35	1262
11371	35	1143
11372	35	768
11373	35	168
11374	35	140
11375	35	1248
11376	35	1247
11377	35	524
11378	35	34
11379	35	132
11380	35	507
11381	35	4
11382	35	1087
11383	35	1293
11384	35	15
11385	35	1043
11386	35	819
11387	35	434
11388	35	1032
11389	35	766
11390	35	141
11391	35	118
11392	35	450
11393	35	771
11394	35	136
11395	35	21
11396	35	846
11397	35	166
11398	35	134
11399	35	1198
11400	35	261
11401	35	789
11402	35	267
11403	35	149
11404	35	96
11405	35	679
11406	35	280
11407	35	289
11408	35	1308
11409	35	512
11410	35	465
11411	35	395
11412	35	799
11413	35	445
11414	35	587
11415	35	1402
11416	35	589
11417	35	1305
11418	35	426
11419	35	8
11420	35	526
11421	35	284
11422	35	898
11423	35	1289
11424	35	1442
11425	35	796
11426	35	323
11427	35	947
11428	35	468
11429	35	1333
11430	35	930
11431	35	117
11432	35	1102
11433	35	647
11434	35	1008
11435	35	61
11436	35	920
11437	35	385
11438	35	597
11439	35	302
11440	35	376
11441	35	455
11442	35	881
11443	35	665
11444	35	320
11445	35	717
11446	35	1243
11447	35	828
11448	35	202
11449	35	976
11450	35	174
11451	35	221
11452	35	113
11453	35	487
11454	35	262
11455	35	1063
11456	35	810
11457	35	1237
11458	35	210
11459	35	16
11460	35	135
11461	35	345
11462	35	410
11463	35	404
11464	35	308
11465	35	41
11466	35	1459
11467	35	782
11468	35	618
11469	35	671
11470	35	673
11471	35	817
11472	35	1117
11473	35	231
11474	35	816
11475	35	542
11476	35	314
11477	35	78
11478	35	884
11479	35	467
11480	35	795
11481	35	53
11482	35	150
11483	35	888
11484	35	327
11485	35	463
11486	35	814
11487	35	666
11488	35	227
11489	35	30
11490	35	51
11491	35	36
11492	35	1005
11493	35	229
11494	35	728
11495	35	686
11496	35	801
11497	35	281
11498	35	637
11499	35	553
11500	35	9
11501	35	1095
11502	35	173
11503	35	579
11504	35	331
11505	35	806
11506	35	654
11507	35	35
11508	35	658
11509	35	539
11510	35	770
11511	35	691
11512	35	88
11513	35	615
11514	35	910
11515	35	962
11516	35	64
11517	35	670
11518	35	547
11519	35	1323
11520	35	298
11521	35	1303
11522	35	274
11523	35	869
11524	35	448
11525	35	60
11526	35	1113
11527	35	1357
11528	35	25
11529	35	1405
11530	35	387
11531	35	310
11532	35	124
11533	35	247
11534	35	473
11535	35	1464
11536	35	1254
11537	35	474
11538	35	91
11539	35	1382
11540	35	460
11541	35	494
11542	35	414
11543	35	1344
11544	35	2
11545	35	68
11546	35	611
11547	35	1351
11548	35	456
11549	35	674
11550	35	633
11551	35	661
11552	35	1238
11553	35	375
11554	35	648
11555	35	58
11556	35	33
11557	35	627
11558	35	389
11559	35	1403
11560	35	971
11561	35	522
11562	35	607
11563	35	538
11564	35	1219
11565	35	1158
11566	35	742
11567	35	628
11568	35	932
11569	35	1266
11570	35	301
11571	35	995
11572	35	987
11573	35	963
11574	35	1029
11575	35	1049
11576	35	584
11577	35	668
11578	35	636
11579	35	417
11580	35	1141
11581	35	246
11582	35	1465
11583	35	286
11584	35	1142
11585	35	11
11586	35	1466
11587	35	1467
11588	35	1241
11589	35	959
11590	35	271
11591	35	137
11592	35	351
11593	35	178
11594	35	225
11595	35	787
11596	35	696
11597	35	1039
11598	35	561
11599	35	563
11600	35	232
11601	35	357
11602	35	1217
11603	35	1366
11604	35	598
11605	35	925
11606	35	80
11607	35	464
11608	35	1028
11609	35	744
11610	35	1128
11611	35	574
11612	35	1180
11613	35	268
11614	35	595
11615	35	1089
11616	35	1450
11617	35	470
11618	35	832
11619	35	1033
11620	35	753
11621	35	883
11622	35	381
11623	35	398
11624	35	1072
11625	35	541
11626	35	1163
11627	35	613
11628	35	1175
11629	35	1257
11630	35	192
11631	35	76
11632	35	477
11633	35	421
11634	35	918
11635	35	413
11636	35	756
11637	35	341
11638	35	914
11639	35	1389
11640	35	1476
11641	35	1477
11642	35	265
11643	35	711
11644	35	409
11645	35	593
11646	35	336
11647	35	984
11648	35	273
11649	35	520
11650	35	731
11651	35	142
11652	35	1379
11653	35	219
11654	35	264
11655	35	119
11656	35	1013
11657	35	92
11658	35	171
11659	35	969
11660	35	713
11661	35	939
11662	35	432
11663	35	650
11664	35	1253
11665	35	1342
11666	35	46
11667	35	130
11668	35	1118
11669	35	102
11670	35	170
11671	35	1206
11672	35	1372
11673	35	554
11674	35	182
11675	35	377
11676	35	245
11677	35	213
11678	35	1256
11679	35	1110
11680	35	610
11681	35	600
11682	35	422
11683	35	1478
11684	35	380
11685	35	179
11686	36	22
11687	36	978
11688	36	17
11689	36	31
11690	36	817
11691	36	688
11692	36	1248
11693	36	133
11694	36	53
11695	36	422
11696	36	4
11697	36	191
11698	36	952
11699	36	146
11700	36	111
11701	36	308
11702	36	597
11703	36	140
11704	36	10
11705	36	231
11706	36	466
11707	36	684
11708	36	66
11709	36	376
11710	36	751
11711	36	202
11712	36	75
11713	36	1216
11714	36	52
11715	36	210
11716	36	15
11717	36	262
11718	36	72
11719	36	693
11720	36	129
11721	36	203
11722	36	121
11723	36	465
11724	36	43
11725	36	38
11726	36	6
11727	36	412
11728	36	547
11729	36	192
11730	36	265
11731	36	744
11732	36	8
11733	36	399
11734	36	995
11735	36	161
11736	36	56
11737	36	11
11738	36	1462
11739	36	18
11740	36	764
11741	36	1233
11742	36	70
11743	36	884
11744	36	54
11745	36	447
11746	36	190
11747	36	186
11748	36	331
11749	36	1243
11750	36	610
11751	36	578
11752	36	438
11753	36	274
11754	36	1120
11755	36	328
11756	36	1263
11757	36	873
11758	36	150
11759	36	538
11760	36	1036
11761	36	44
11762	36	687
11763	36	492
11764	36	987
11765	36	143
11766	36	71
11767	36	631
11768	36	870
11769	36	766
11770	36	273
11771	36	279
11772	36	1
11773	36	650
11774	36	50
11775	36	742
11776	36	175
11777	36	1156
11778	36	258
11779	36	1152
11780	36	138
11781	36	306
11782	36	76
11783	36	155
11784	36	51
11785	36	850
11786	36	460
11787	36	55
11788	36	228
11789	36	559
11790	36	120
11791	36	114
11792	36	585
11793	36	83
11794	36	125
11795	36	544
11796	36	503
11797	36	91
11798	36	153
11799	36	29
11800	36	1043
11801	36	30
11802	36	5
11803	36	269
11804	36	126
11805	36	86
11806	36	401
11807	36	33
11808	36	94
11809	36	154
11810	36	615
11811	36	105
11812	36	219
11813	36	776
11814	36	211
11815	36	58
11816	36	975
11817	36	642
11818	36	811
11819	36	178
11820	36	123
11821	36	144
11822	36	84
11823	36	26
11824	36	1301
11825	36	1358
11826	36	168
11827	36	637
11828	36	311
11829	36	163
11830	36	1311
11831	36	1276
11832	36	1236
11833	36	1042
11834	36	1222
11835	36	500
11836	36	515
11837	36	846
11838	36	19
11839	36	157
11840	36	334
11841	36	1333
11842	36	156
11843	36	341
11844	36	23
11845	36	61
11846	36	769
11847	36	87
11848	36	79
11849	36	450
11850	36	1028
11851	36	445
11852	36	1103
11853	36	1196
11854	36	767
11855	36	32
11856	36	1402
11857	36	461
11858	36	698
11859	36	360
11860	36	280
11861	36	85
11862	36	616
11863	36	395
11864	36	81
11865	36	1032
11866	36	117
11867	36	39
11868	36	1029
11869	36	1203
11870	36	565
11871	36	840
11872	36	358
11873	36	167
11874	36	116
11875	36	1293
11876	36	115
11877	36	132
11878	36	1463
11879	36	1024
11880	36	1317
11881	36	1319
11882	36	410
11883	36	93
11884	36	535
11885	36	863
11886	36	1095
11887	36	516
11888	36	102
11889	36	41
11890	36	617
11891	36	801
11892	36	512
11893	36	310
11894	36	791
11895	36	765
11896	36	647
11897	36	938
11898	36	42
11899	36	483
11900	36	629
11901	36	118
11902	36	971
11903	36	1379
11904	36	956
11905	36	701
11906	36	283
11907	36	539
11908	36	326
11909	36	379
11910	36	136
11911	36	293
11912	36	795
11913	36	552
11914	36	833
11915	36	171
11916	36	1294
11917	36	1303
11918	36	251
11919	36	119
11920	36	49
11921	36	980
11922	36	381
11923	36	88
11924	36	151
11925	36	345
11926	36	507
11927	36	128
11928	36	1234
11929	36	1381
11930	36	222
11931	36	20
11932	36	104
11933	36	563
11934	36	446
11935	36	1016
11936	36	941
11937	36	261
11938	36	229
11939	36	353
11940	36	730
11941	36	234
11942	36	110
11943	36	1356
11944	36	844
11945	36	940
11946	36	986
11947	36	809
11948	36	723
11949	36	78
11950	36	36
11951	36	135
11952	36	59
11953	36	890
11954	36	545
11955	36	352
11956	36	1041
11957	36	686
11958	36	888
11959	36	959
11960	36	812
11961	36	3
11962	36	996
11963	36	141
11964	36	64
11965	36	1320
11966	36	250
11967	36	267
11968	36	343
11969	36	1084
11970	36	1057
11971	36	426
11972	36	216
11973	36	16
11974	36	174
11975	36	1212
11976	36	695
11977	36	294
11978	36	404
11979	36	440
11980	36	748
11981	36	1000
11982	36	528
11983	36	674
11984	36	819
11985	36	189
11986	36	69
11987	36	1102
11988	36	562
11989	36	375
11990	36	34
11991	36	937
11992	36	131
11993	36	252
11994	36	142
11995	36	913
11996	36	842
11997	36	708
11998	36	1224
11999	36	595
12000	36	147
12001	36	1228
12002	36	816
12003	36	255
12004	36	206
12005	36	357
12006	36	25
12007	36	1218
12008	36	1369
12009	36	221
12010	36	713
12011	36	1323
12012	36	1072
12013	36	1132
12014	36	380
12015	36	1468
12016	36	173
12017	36	1025
12018	36	1163
12019	36	1455
12020	36	1235
12021	36	457
12022	36	1129
12023	36	437
12024	36	227
12025	36	1459
12026	36	184
12027	36	711
12028	36	532
12029	36	768
12030	36	1035
12031	36	1117
12032	36	377
12033	36	756
12034	36	12
12035	36	914
12036	36	893
12037	36	1265
12038	36	1365
12039	36	600
12040	36	782
12041	36	837
12042	36	1469
12043	36	828
12044	36	1026
12045	36	1126
12046	36	1470
12047	36	486
12048	36	1407
12049	36	1471
12050	36	1472
12051	36	1070
12052	36	1040
12053	36	1002
12054	36	122
12055	36	324
12056	36	1410
12057	36	137
12058	36	74
12059	36	1473
12060	36	958
12061	36	1175
12062	36	540
12063	36	854
12064	36	815
12065	36	181
12066	36	1420
12067	36	1247
12068	36	950
12069	36	387
12070	36	1380
12071	36	1180
12072	36	416
12073	36	48
12074	36	1217
12075	36	670
12076	36	253
12077	36	864
12078	36	1405
12079	36	1038
12080	36	314
12081	36	474
12082	36	963
12083	36	1143
12084	36	247
12085	36	298
12086	36	1141
12087	36	633
12088	36	753
12089	36	696
12090	36	235
12091	36	757
12092	36	1021
12093	36	668
12094	36	985
12095	36	579
12096	36	1232
12097	36	992
12098	36	574
12099	36	1368
12100	36	949
12101	36	468
12102	36	470
12103	36	139
12104	36	1329
12105	36	40
12106	36	1049
12107	36	1240
12108	36	1231
12109	36	770
12110	36	966
12111	36	1315
12112	36	166
12113	36	489
12114	36	185
12115	36	699
12116	36	1376
12117	36	924
12118	36	999
12119	36	826
12120	36	430
12121	36	99
12122	36	268
12123	36	1359
12124	36	1242
12125	36	972
12126	36	1275
12127	36	691
12128	36	785
12129	36	159
12130	36	948
12131	36	107
12132	36	973
12133	36	254
12134	36	1008
12135	36	1185
12136	36	1039
12137	36	1166
12138	36	1321
12139	36	382
12140	36	906
12141	36	1189
12142	36	1377
12143	36	1474
12144	36	1325
12145	36	611
12146	36	930
12147	36	1339
12148	36	432
12149	36	134
12150	36	1475
12151	36	526
12152	36	981
12153	36	678
12154	36	1124
12155	36	63
12156	36	918
12157	36	398
12158	36	1100
12159	36	429
12160	36	1123
12161	36	494
12162	36	587
12163	36	679
12164	36	491
12165	36	898
12166	36	505
12167	36	2
12168	36	561
12169	36	413
12170	36	469
12171	36	945
12172	36	682
12173	36	790
12174	36	568
12175	36	182
12176	36	554
12177	36	522
12178	36	463
12179	36	628
12180	36	536
12181	36	1081
12182	36	24
12183	36	284
12184	36	886
12185	36	196
12186	36	13
12187	36	897
12188	36	67
12189	36	654
12190	36	113
12191	36	739
12192	36	786
12193	36	1424
12194	36	179
12195	36	582
12196	36	388
12197	36	7
12198	37	809
12199	37	221
12200	37	191
12201	37	26
12202	37	676
12203	37	235
12204	37	70
12205	37	17
12206	37	6
12207	37	36
12208	37	120
12209	37	146
12210	37	129
12211	37	186
12212	37	766
12213	37	135
12214	37	448
12215	37	308
12216	37	352
12217	37	44
12218	37	492
12219	37	22
12220	37	133
12221	37	50
12222	37	269
12223	37	206
12224	37	219
12225	37	687
12226	37	52
12227	37	515
12228	37	144
12229	37	174
12230	37	24
12231	37	474
12232	37	294
12233	37	698
12234	37	7
12235	37	404
12236	37	181
12237	37	72
12238	37	695
12239	37	203
12240	37	320
12241	37	552
12242	37	399
12243	37	544
12244	37	187
12245	37	56
12246	37	610
12247	37	744
12248	37	274
12249	37	18
12250	37	996
12251	37	333
12252	37	204
12253	37	55
12254	37	381
12255	37	243
12256	37	11
12257	37	359
12258	37	401
12259	37	438
12260	37	112
12261	37	888
12262	37	1282
12263	37	150
12264	37	654
12265	37	905
12266	37	768
12267	37	316
12268	37	845
12269	37	732
12270	37	673
12271	37	811
12272	37	94
12273	37	1036
12274	37	284
12275	37	327
12276	37	196
12277	37	904
12278	37	1219
12279	37	914
12280	37	884
12281	37	1005
12282	37	189
12283	37	59
12284	37	901
12285	37	817
12286	37	717
12287	37	611
12288	37	303
12289	37	256
12290	37	1260
12291	37	528
12292	37	1108
12293	37	487
12294	37	756
12295	37	1
12296	37	292
12297	37	113
12298	37	803
12299	37	993
12300	37	1195
12301	37	361
12302	37	115
12303	37	114
12304	37	1140
12305	37	593
12306	37	379
12307	37	4
12308	37	874
12309	37	122
12310	37	935
12311	37	505
12312	37	147
12313	37	76
12314	37	980
12315	37	1220
12316	37	71
12317	37	254
12318	37	65
12319	37	341
12320	37	78
12321	37	96
12322	37	1481
12323	37	310
12324	37	1222
12325	37	251
12326	37	173
12327	37	1027
12328	37	63
12329	37	278
12330	37	370
12331	37	218
12332	37	1175
12333	37	1014
12334	37	954
12335	37	1161
12336	37	719
12337	37	250
12338	37	41
12339	37	116
12340	37	247
12341	37	168
12342	37	686
12343	37	138
12344	37	54
12345	37	328
12346	37	16
12347	37	69
12348	37	234
12349	37	469
12350	37	1102
12351	37	51
12352	37	102
12353	37	751
12354	37	795
12355	37	447
12356	37	987
12357	37	823
12358	37	15
12359	37	827
12360	37	1242
12361	37	12
12362	37	222
12363	37	39
12364	37	314
12365	37	473
12366	37	953
12367	37	97
12368	37	154
12369	37	62
12370	37	409
12371	37	1491
12372	37	249
12373	37	143
12374	37	810
12375	37	1063
12376	37	878
12377	37	467
12378	37	259
12379	37	1370
12380	37	336
12381	37	597
12382	37	175
12383	37	789
12384	37	1257
12385	37	119
12386	37	302
12387	37	1243
12388	37	1042
12389	37	587
12390	37	956
12391	37	912
12392	37	319
12393	37	164
12394	37	1405
12395	37	29
12396	37	231
12397	37	466
12398	37	503
12399	37	973
12400	37	100
12401	37	1141
12402	37	1492
12403	37	311
12404	37	126
12405	37	883
12406	37	296
12407	37	418
12408	37	30
12409	37	1099
12410	37	450
12411	37	267
12412	37	890
12413	38	186
12414	38	695
12415	38	16
12416	38	809
12417	38	146
12418	38	116
12419	38	187
12420	38	311
12421	38	17
12422	38	110
12423	38	883
12424	38	664
12425	38	863
12426	38	1156
12427	38	302
12428	38	723
12429	38	156
12430	38	718
12431	38	138
12432	38	738
12433	38	907
12434	38	469
12435	38	399
12436	38	552
12437	38	196
12438	38	7
12439	38	609
12440	38	102
12441	38	654
12442	38	503
12443	38	3
12444	38	401
12445	38	1028
12446	38	50
12447	38	871
12448	38	310
12449	38	778
12450	38	48
12451	38	174
12452	38	274
12453	38	219
12454	38	812
12455	38	327
12456	38	740
12457	38	463
12458	38	72
12459	38	71
12460	38	22
12461	38	36
12462	38	905
12463	38	769
12464	38	561
12465	38	112
12466	38	41
12467	38	492
12468	38	328
12469	38	817
12470	38	884
12471	38	281
12472	38	652
12473	38	576
12474	38	91
12475	38	70
12476	38	143
12477	38	1218
12478	38	78
12479	38	133
12480	38	144
12481	38	1462
12482	38	203
12483	38	1
12484	38	10
12485	38	87
12486	38	1191
12487	38	1026
12488	38	279
12489	38	135
12490	38	1307
12491	38	547
12492	38	578
12493	38	4
12494	38	55
12495	38	466
12496	38	544
12497	38	1038
12498	38	227
12499	38	673
12500	38	191
12501	38	254
12502	38	111
12503	38	1236
12504	38	1042
12505	38	24
12506	38	515
12507	38	11
12508	38	269
12509	38	59
12510	38	376
12511	38	977
12512	38	1276
12513	38	181
12514	38	810
12515	38	637
12516	38	121
12517	38	18
12518	38	1242
12519	38	532
12520	38	352
12521	38	6
12522	38	717
12523	38	345
12524	38	1263
12525	38	650
12526	38	126
12527	38	768
12528	38	856
12529	38	140
12530	38	29
12531	38	1216
12532	38	129
12533	38	631
12534	38	5
12535	38	975
12536	38	38
12537	38	766
12538	38	811
12539	38	234
12540	38	404
12541	38	375
12542	38	325
12543	38	19
12544	38	1100
12545	38	500
12546	38	1041
12547	38	969
12548	38	1235
12549	38	616
12550	38	844
12551	38	326
12552	38	585
12553	38	265
12554	38	88
12555	38	773
12556	38	122
12557	38	94
12558	38	211
12559	38	869
12560	38	56
12561	38	1029
12562	38	615
12563	38	320
12564	38	79
12565	38	1231
12566	38	1175
12567	38	729
12568	38	898
12569	38	75
12570	38	105
12571	38	881
12572	38	23
12573	38	167
12574	38	33
12575	38	1321
12576	38	32
12577	38	49
12578	38	1367
12579	38	1289
12580	38	432
12581	38	1257
12582	38	956
12583	38	28
12584	38	262
12585	38	415
12586	38	64
12587	38	308
12588	38	687
12589	38	1073
12590	38	1487
12591	38	69
12592	38	1118
12593	38	273
12594	38	959
12595	38	31
12596	38	283
12597	38	739
12598	38	1025
12599	38	341
12600	38	15
12601	38	2
12602	38	1222
12603	38	1317
12604	38	1405
12605	38	1233
12606	38	806
12607	38	334
12608	38	648
12609	38	1102
12610	38	597
12611	38	820
12612	38	954
12613	38	387
12614	38	173
12615	38	467
12616	38	34
12617	38	1248
12618	38	63
12619	38	250
12620	38	12
12621	38	58
12622	38	535
12623	38	125
12624	38	1068
12625	38	255
12626	38	42
12627	38	409
12628	38	937
12629	38	1086
12630	38	26
12631	38	92
12632	38	974
12633	38	1005
12634	39	461
12635	39	114
12636	39	764
12637	39	70
12638	39	950
12639	39	17
12640	39	36
12641	39	826
12642	39	55
12643	39	917
12644	39	38
12645	39	422
12646	39	146
12647	39	43
12648	39	138
12649	39	273
12650	39	50
12651	39	231
12652	39	817
12653	39	44
12654	39	269
12655	39	133
12656	39	110
12657	39	971
12658	39	449
12659	39	19
12660	39	94
12661	39	1156
12662	39	975
12663	39	31
12664	39	3
12665	39	78
12666	39	161
12667	39	816
12668	39	76
12669	39	1303
12670	39	54
12671	39	187
12672	39	466
12673	39	186
12674	39	156
12675	39	135
12676	39	279
12677	39	63
12678	39	150
12679	39	642
12680	39	666
12681	39	64
12682	39	218
12683	39	221
12684	39	173
12685	39	164
12686	39	547
12687	39	22
12688	39	1241
12689	39	996
12690	39	938
12691	39	41
12692	39	144
12693	39	16
12694	39	72
12695	39	26
12696	39	1038
12697	39	570
12698	39	69
12699	39	139
12700	39	77
12701	39	86
12702	39	360
12703	39	75
12704	39	382
12705	39	175
12706	39	1276
12707	39	719
12708	39	83
12709	39	1236
12710	39	1219
12711	39	168
12712	39	25
12713	39	32
12714	39	58
12715	39	357
12716	39	535
12717	39	66
12718	39	132
12719	39	33
12720	39	61
12721	39	522
12722	39	1234
12723	39	399
12724	39	79
12725	39	39
12726	39	1087
12727	39	844
12728	39	1250
12729	39	317
12730	39	1009
12731	39	544
12732	39	585
12733	39	59
12734	39	302
12735	39	129
12736	39	123
12737	39	515
12738	39	11
12739	39	5
12740	39	963
12741	39	81
12742	39	65
12743	39	261
12744	39	1121
12745	39	1086
12746	39	686
12747	39	245
12748	39	401
12749	39	12
12750	39	1265
12751	39	727
12752	39	121
12753	39	1
12754	39	765
12755	39	52
12756	39	1025
12757	39	255
12758	39	782
12759	39	122
12760	39	829
12761	39	385
12762	39	842
12763	39	1018
12764	39	778
12765	39	2
12766	39	474
12767	39	320
12768	39	174
12769	39	734
12770	39	428
12771	39	1196
12772	39	404
12773	39	1243
12774	39	379
12775	39	1248
12776	39	191
12777	39	1143
12778	39	1289
12779	39	219
12780	39	102
12781	39	1315
12782	39	256
12783	39	278
12784	39	741
12785	39	91
12786	39	1042
12787	39	1242
12788	39	10
12789	39	790
12790	39	1275
12791	39	1405
12792	39	328
12793	39	157
12794	39	712
12795	39	87
12796	39	331
12797	39	40
12798	39	42
12799	39	140
12800	39	111
12801	39	698
12802	39	759
12803	39	670
12804	39	1166
12805	39	448
12806	39	597
12807	39	134
12808	39	292
12809	39	387
12810	39	833
12811	39	464
12812	39	1022
12813	39	116
12814	39	8
12815	39	234
12816	39	681
12817	39	828
12818	39	1480
12819	39	74
12820	39	7
12821	39	997
12822	39	763
12823	39	873
12824	39	88
12825	39	308
12826	39	1247
12827	39	1066
12828	39	501
12829	39	691
12830	39	1033
12831	39	711
12832	39	713
12833	39	512
12834	39	53
12835	39	34
12836	39	438
12837	39	492
12838	39	744
12839	39	1036
12840	39	1235
12841	39	913
12842	39	609
12843	39	104
12844	39	254
12845	39	1185
12846	39	812
12847	39	455
12848	39	18
12849	39	986
12850	39	914
12851	39	295
12852	39	888
12853	39	327
12854	39	626
12855	39	837
12856	39	505
12857	39	204
12858	39	398
12859	39	92
12860	39	1120
12861	39	1074
12862	39	13
12863	39	551
12864	39	687
12865	39	294
12866	39	119
12867	39	1222
12868	39	67
12869	39	909
12870	39	343
12871	39	753
12872	39	351
12873	39	21
12874	39	846
12875	39	766
12876	39	1204
12877	39	717
12878	39	1059
12879	39	994
12880	39	1137
12881	39	795
12882	39	1233
12883	39	247
12884	39	426
12885	39	489
12886	39	786
12887	39	1102
12888	39	520
12889	39	115
12890	39	274
12891	39	1228
12892	39	410
12893	39	189
12894	39	262
12895	39	29
12896	39	153
12897	39	768
12898	39	409
12899	39	647
12900	39	1005
12901	39	661
12902	39	636
12903	39	616
12904	39	552
12905	39	618
12906	39	775
12907	39	469
12908	39	1095
12909	39	211
12910	39	1382
12911	39	447
12912	39	267
12913	39	1459
12914	39	1488
12915	39	227
12916	39	465
12917	39	352
12918	39	359
12919	39	525
12920	39	23
12921	39	167
12922	39	1175
12923	39	155
12924	39	815
12925	39	203
12926	39	1132
12927	39	864
12928	39	80
12929	39	1000
12930	39	1117
12931	39	1306
12932	40	790
12933	40	795
12934	40	1038
12935	40	31
12936	40	515
12937	40	1228
12938	40	122
12939	40	1
12940	40	161
12941	40	53
12942	40	585
12943	40	17
12944	40	55
12945	40	328
12946	40	972
12947	40	5
12948	40	144
12949	40	817
12950	40	292
12951	40	12
12952	40	6
12953	40	333
12954	40	466
12955	40	828
12956	40	503
12957	40	153
12958	40	311
12959	40	133
12960	40	97
12961	40	50
12962	40	1370
12963	40	399
12964	40	79
12965	40	61
12966	40	648
12967	40	1081
12968	40	879
12969	40	465
12970	40	306
12971	40	138
12972	40	1005
12973	40	279
12974	40	156
12975	40	91
12976	40	39
12977	40	251
12978	40	379
12979	40	1299
12980	40	1102
12981	40	950
12982	40	469
12983	40	461
12984	40	474
12985	40	234
12986	40	552
12987	40	54
12988	40	175
12989	40	769
12990	40	114
12991	40	732
12992	40	72
12993	40	135
12994	40	1095
12995	40	174
12996	40	41
12997	40	261
12998	40	939
12999	40	81
13000	40	254
13001	40	544
13002	40	143
13003	40	10
13004	40	1306
13005	40	376
13006	40	673
13007	40	186
13008	40	26
13009	40	1008
13010	40	23
13011	40	136
13012	40	94
13013	40	401
13014	40	410
13015	40	975
13016	40	191
13017	40	578
13018	40	773
13019	40	1293
13020	40	687
13021	40	320
13022	40	1253
13023	40	956
13024	40	431
13025	40	231
13026	40	243
13027	40	381
13028	40	1243
13029	40	22
13030	40	360
13031	40	848
13032	40	698
13033	40	1272
13034	40	618
13035	40	331
13036	40	269
13037	40	1163
13038	40	30
13039	40	222
13040	40	18
13041	40	1236
13042	40	7
13043	40	36
13044	40	32
13045	40	539
13046	40	110
13047	40	157
13048	40	1248
13049	40	1242
13050	40	3
13051	40	102
13052	40	810
13053	40	70
13054	40	38
13055	40	43
13056	40	1214
13057	40	597
13058	40	731
13059	40	76
13060	40	573
13061	40	252
13062	40	142
13063	40	78
13064	40	150
13065	40	235
13066	40	1352
13067	40	664
13068	40	671
13069	40	219
13070	40	1156
13071	40	535
13072	40	766
13073	40	208
13074	40	567
13075	40	1060
13076	40	450
13077	40	923
13078	40	1291
13079	40	506
13080	40	738
13081	40	21
13082	40	1276
13083	40	85
13084	40	11
13085	40	606
13086	40	812
13087	40	19
13088	40	273
13089	40	1120
13090	40	1456
13091	40	29
13092	40	293
13093	40	863
13094	40	126
13095	40	145
13096	40	796
13097	40	1063
13098	40	764
13099	40	352
13100	40	1364
13101	40	1435
13102	40	987
13103	40	1226
13104	40	756
13105	40	575
13106	40	619
13107	40	66
13108	40	765
13109	40	274
13110	40	570
13111	40	898
13112	40	768
13113	40	959
13114	40	250
13115	40	832
13116	40	1389
13117	40	1000
13118	40	811
13119	40	59
13120	40	819
13121	40	493
13122	40	83
13123	40	24
13124	40	345
13125	40	742
13126	40	255
13127	40	221
13128	40	717
13129	40	1128
13130	40	744
13131	40	843
13132	40	776
13133	40	1480
13134	40	111
13135	40	579
13136	40	296
13137	40	657
13138	40	64
13139	40	308
13140	40	802
13141	40	670
13142	40	616
13143	40	395
13144	40	120
13145	40	167
13146	40	971
13147	40	525
13148	40	562
13149	40	1181
13150	40	414
13151	40	228
13152	40	654
13153	40	387
13154	40	404
13155	40	783
13156	40	310
13157	40	1454
13158	40	391
13159	40	42
13160	40	75
13161	40	238
13162	40	1231
13163	40	416
13164	40	437
13165	40	1246
13166	40	116
13167	40	691
13168	40	591
13169	40	341
13170	40	33
13171	40	58
13172	40	298
13173	40	216
13174	40	1042
13175	40	2
13176	40	661
13177	40	258
13178	40	123
13179	40	642
13180	40	1216
13181	40	203
13182	40	125
13183	40	681
13184	40	409
13185	40	1257
13186	40	556
13187	40	1326
13188	40	63
13189	40	28
13190	40	1405
13191	40	996
13192	40	51
13193	40	1165
13194	40	646
13195	40	16
13196	40	1247
13197	40	1100
13198	40	957
13199	40	1222
13200	40	1263
13201	40	1151
13202	40	986
13203	40	62
13204	40	1353
13205	40	294
13206	40	67
13207	40	782
13208	40	866
13209	40	139
13210	40	992
13211	40	314
13212	40	1483
13213	40	1289
13214	40	60
13215	40	1027
13216	40	192
13217	40	751
13218	40	86
13219	40	74
13220	40	206
13221	40	538
13222	40	343
13223	40	1265
13224	40	169
13225	40	1385
13226	40	1234
13227	40	1262
13228	40	246
13229	40	870
13230	40	1235
13231	40	1406
13232	40	1036
13233	40	871
13234	40	888
13235	40	711
13236	40	1086
13237	40	48
13238	40	617
13239	40	478
13240	40	87
13241	40	1141
13242	40	647
13243	40	913
13244	40	1497
13245	40	721
13246	40	520
13247	40	1134
13248	40	1047
13249	40	491
13250	40	1028
13251	40	636
13252	40	495
13253	40	741
13254	40	101
13255	40	1138
13256	40	47
13257	40	155
13258	40	973
13259	40	668
13260	40	477
13261	40	1498
13262	40	1309
13263	40	1366
13264	40	284
13265	40	187
13266	40	105
13267	40	713
13268	40	511
13269	40	997
13270	40	113
13271	40	757
13272	40	245
13273	40	873
13274	40	57
13275	40	413
13276	40	327
13277	40	286
13278	40	507
13279	40	545
13280	40	909
13281	40	951
13282	40	489
13283	40	1026
13284	40	1278
13285	40	827
13286	40	182
13287	40	635
13288	40	1374
13289	40	1499
13290	40	500
13291	40	729
13292	40	1119
13293	40	980
13294	40	1432
13295	40	695
13296	40	247
13297	40	375
13298	40	49
13299	40	264
13300	40	1372
13301	40	823
13302	40	946
13303	40	547
13304	40	626
13305	41	1218
13306	41	283
13307	41	328
13308	41	17
13309	41	492
13310	41	865
13311	41	190
13312	41	819
13313	41	36
13314	41	120
13315	41	70
13316	41	175
13317	41	22
13318	41	11
13319	41	311
13320	41	976
13321	41	16
13322	41	210
13323	41	41
13324	41	146
13325	41	197
13326	41	650
13327	41	273
13328	41	748
13329	41	102
13330	41	1263
13331	41	105
13332	41	89
13333	41	107
13334	41	817
13335	41	29
13336	41	980
13337	41	1108
13338	41	1250
13339	41	695
13340	41	34
13341	41	257
13342	41	302
13343	41	790
13344	41	57
13345	41	55
13346	41	59
13347	41	111
13348	41	713
13349	41	438
13350	41	809
13351	41	731
13352	41	1248
13353	41	888
13354	41	173
13355	41	816
13356	41	464
13357	41	186
13358	41	987
13359	41	503
13360	41	376
13361	41	937
13362	41	1463
13363	41	83
13364	41	154
13365	41	234
13366	41	222
13367	41	711
13368	41	94
13369	41	1353
13370	41	19
13371	41	741
13372	41	828
13373	41	50
13374	41	467
13375	41	110
13376	41	950
13377	41	1243
13378	41	462
13379	41	823
13380	41	7
13381	41	171
13382	41	310
13383	41	848
13384	41	500
13385	41	42
13386	41	1479
13387	41	448
13388	41	54
13389	41	191
13390	41	434
13391	41	133
13392	41	892
13393	41	873
13394	41	25
13395	41	20
13396	41	35
13397	41	207
13398	41	679
13399	41	618
13400	41	10
13401	41	219
13402	41	635
13403	41	174
13404	41	26
13405	41	327
13406	41	744
13407	41	121
13408	41	773
13409	41	1065
13410	41	144
13411	41	917
13412	41	18
13413	41	941
13414	41	320
13415	41	404
13416	41	528
13417	41	2
13418	41	905
13419	41	1002
13420	41	996
13421	41	381
13422	41	78
13423	41	593
13424	41	379
13425	41	314
13426	41	845
13427	41	449
13428	41	611
13429	41	113
13430	41	946
13431	41	364
13432	41	1043
13433	41	359
13434	41	39
13435	41	203
13436	41	221
13437	41	114
13438	41	115
13439	41	874
13440	41	58
13441	41	991
13442	41	140
13443	41	564
13444	41	182
13445	41	69
13446	41	333
13447	41	243
13448	41	1481
13449	41	204
13450	41	126
13451	41	401
13452	41	698
13453	41	65
13454	41	43
13455	41	360
13456	41	1038
13457	41	884
13458	41	588
13459	41	544
13460	41	515
13461	41	466
13462	41	1042
13463	41	1265
13464	41	72
13465	41	269
13466	41	116
13467	41	294
13468	41	4
13469	41	1236
13470	41	520
13471	41	765
13472	41	465
13473	41	122
13474	41	206
13475	41	461
13476	41	552
13477	41	150
13478	41	756
13479	41	1156
13480	41	578
13481	41	938
13482	41	450
13483	41	352
13484	41	129
13485	41	1084
13486	41	31
13487	41	956
13488	41	51
13489	41	143
13490	41	616
13491	41	1276
13492	41	640
13493	41	753
13494	41	3
13495	41	487
13496	41	673
13497	41	489
13498	41	984
13499	41	759
13500	41	1027
13501	41	1405
13502	41	139
13503	41	1222
13504	41	1095
13505	41	883
13506	41	782
13507	41	92
13508	41	1480
13509	41	351
13510	41	1424
13511	41	217
13512	41	864
13513	41	295
13514	41	708
13515	41	474
13516	41	426
13517	41	427
13518	41	106
13519	41	1489
13520	41	30
13521	41	975
13522	41	274
13523	41	642
13524	41	665
13525	41	558
13526	41	28
13527	41	123
13528	41	88
13529	41	6
13530	41	1216
13531	41	231
13532	41	686
13533	41	15
13534	41	532
13535	41	811
13536	41	959
13537	41	292
13538	41	250
13539	41	56
13540	41	147
13541	41	71
13542	41	837
13543	41	285
13544	42	144
13545	42	1166
13546	42	996
13547	42	17
13548	42	1220
13549	42	155
13550	42	642
13551	42	1218
13552	42	819
13553	42	5
13554	42	55
13555	42	585
13556	42	133
13557	42	7
13558	42	1276
13559	42	6
13560	42	401
13561	42	110
13562	42	1222
13563	42	888
13564	42	352
13565	42	78
13566	42	169
13567	42	19
13568	42	766
13569	42	409
13570	42	99
13571	42	986
13572	42	58
13573	42	515
13574	42	616
13575	42	461
13576	42	474
13577	42	54
13578	42	1241
13579	42	1456
13580	42	1480
13581	42	1285
13582	42	1250
13583	42	1221
13584	42	186
13585	42	134
13586	42	254
13587	42	59
13588	42	1156
13589	42	156
13590	42	251
13591	42	765
13592	42	1063
13593	42	114
13594	42	1032
13595	42	768
13596	42	810
13597	42	279
13598	42	129
13599	42	975
13600	42	597
13601	42	826
13602	42	773
13603	42	412
13604	42	135
13605	42	3
13606	42	102
13607	42	320
13608	42	146
13609	42	950
13610	42	1038
13611	42	544
13612	42	884
13613	42	67
13614	42	828
13615	42	50
13616	42	1102
13617	42	69
13618	42	331
13619	42	1234
13620	42	231
13621	42	326
13622	42	1086
13623	42	116
13624	42	1043
13625	42	53
13626	42	751
13627	42	140
13628	42	1231
13629	42	130
13630	42	126
13631	42	1095
13632	42	1224
13633	42	33
13634	42	20
13635	42	29
13636	42	31
13637	42	219
13638	42	790
13639	42	360
13640	42	38
13641	42	70
13642	42	121
13643	42	1042
13644	42	122
13645	42	520
13646	42	351
13647	42	89
13648	42	1371
13649	42	22
13650	42	832
13651	42	487
13652	42	228
13653	42	750
13654	42	11
13655	42	72
13656	42	10
13657	42	1247
13658	42	18
13659	42	698
13660	42	670
13661	42	94
13662	42	125
13663	42	1490
13664	42	36
13665	42	379
13666	42	83
13667	42	139
13668	42	30
13669	42	466
13670	42	138
13671	42	1170
13672	42	414
13673	42	79
13674	42	39
13675	42	86
13676	42	753
13677	42	732
13678	42	370
13679	42	650
13680	42	1242
13681	42	21
13682	42	88
13683	42	112
13684	42	404
13685	42	1233
13686	42	712
13687	42	1228
13688	42	153
13689	42	467
13690	42	341
13691	42	1293
13692	42	987
13693	42	314
13694	42	262
13695	42	111
13696	42	786
13697	42	175
13698	42	63
13699	42	161
13700	42	795
13701	42	66
13702	42	1243
13703	42	913
13704	42	44
13705	42	816
13706	43	70
13707	43	17
13708	43	54
13709	43	175
13710	43	52
13711	43	975
13712	43	724
13713	43	60
13714	43	18
13715	43	1220
13716	43	135
13717	43	980
13718	43	737
13719	43	103
13720	43	1005
13721	43	1128
13722	43	664
13723	43	186
13724	43	1243
13725	43	12
13726	43	10
13727	43	1456
13728	43	775
13729	43	11
13730	43	276
13731	43	379
13732	43	619
13733	43	6
13734	43	618
13735	43	384
13736	43	466
13737	43	381
13738	43	642
13739	43	160
13740	43	753
13741	43	544
13742	43	22
13743	43	1352
13744	43	36
13745	43	1043
13746	43	190
13747	43	426
13748	43	182
13749	43	72
13750	43	302
13751	43	567
13752	43	138
13753	43	90
13754	43	133
13755	43	97
13756	43	39
13757	43	86
13758	43	96
13759	43	4
13760	43	114
13761	43	356
13762	43	5
13763	43	314
13764	43	660
13765	43	671
13766	43	1285
13767	43	464
13768	43	351
13769	43	376
13770	43	1
13771	43	50
13772	43	141
13773	43	34
13774	43	436
13775	43	234
13776	43	732
13777	43	848
13778	43	222
13779	43	789
13780	43	211
13781	43	319
13782	43	434
13783	43	271
13784	43	161
13785	43	565
13786	43	577
13787	43	116
13788	43	543
13789	43	78
13790	43	1482
13791	43	279
13792	43	91
13793	43	1370
13794	43	203
13795	43	1253
13796	43	748
13797	43	341
13798	43	126
13799	43	247
13800	43	239
13801	43	1248
13802	43	450
13803	43	473
13804	43	246
13805	43	231
13806	43	107
13807	43	698
13808	43	956
13809	43	444
13810	43	798
13811	43	1222
13812	43	174
13813	43	414
13814	43	311
13815	43	515
13816	43	122
13817	43	987
13818	43	110
13819	43	261
13820	43	503
13821	43	1483
13822	43	391
13823	43	102
13824	43	15
13825	43	1267
13826	43	295
13827	43	291
13828	43	404
13829	43	818
13830	43	540
13831	43	950
13832	43	310
13833	43	238
13834	43	1235
13835	43	1214
13836	43	597
13837	43	1030
13838	43	267
13839	43	449
13840	43	320
13841	43	520
13842	43	1008
13843	43	71
13844	43	28
13845	43	1296
13846	43	19
13847	43	144
13848	43	350
13849	43	536
13850	43	563
13851	43	776
13852	43	461
13853	43	556
13854	43	850
13855	43	125
13856	43	872
13857	43	719
13858	43	410
13859	43	228
13860	43	40
13861	43	243
13862	43	568
13863	43	690
13864	43	1095
13865	43	140
13866	43	467
13867	43	1326
13868	43	75
13869	43	156
13870	43	430
13871	43	157
13872	43	56
13873	43	549
13874	43	315
13875	43	972
13876	43	947
13877	43	128
13878	43	345
13879	43	1351
13880	43	119
13881	43	3
13882	43	31
13883	43	706
13884	43	963
13885	43	139
13886	43	468
13887	43	559
13888	43	1185
13889	43	1463
13890	43	278
13891	43	69
13892	43	424
13893	43	251
13894	43	648
13895	43	588
13896	43	257
13897	43	33
13898	43	29
13899	43	978
13900	43	977
13901	43	41
13902	43	143
13903	43	191
13904	43	610
13905	43	695
13906	43	121
13907	43	809
13908	43	492
13909	43	270
13910	43	250
13911	43	711
13912	43	255
13913	43	169
13914	43	248
13915	43	27
13916	43	357
13917	43	184
13918	43	1038
13919	43	129
13920	43	130
13921	43	726
13922	43	173
13923	43	828
13924	43	328
13925	43	146
13926	43	1063
13927	43	30
13928	43	20
13929	43	686
13930	43	115
13931	43	817
13932	43	171
13933	43	937
13934	43	731
13935	43	806
13936	43	280
13937	43	67
13938	43	283
13939	43	993
13940	43	909
13941	43	326
13942	43	940
13943	43	142
13944	43	756
13945	43	891
13946	43	845
13947	43	470
13948	43	87
13949	43	235
13950	43	924
13951	43	206
13952	43	388
13953	43	147
13954	43	51
13955	43	268
13956	43	666
13957	43	564
13958	43	852
13959	43	219
13960	43	195
13961	43	256
13962	43	862
13963	43	1084
13964	43	635
13965	43	1161
13966	43	92
13967	43	94
13968	43	587
13969	43	1089
13970	43	1356
13971	43	331
13972	43	742
13973	43	816
13974	43	901
13975	43	847
13976	43	149
13977	43	516
13978	43	550
13979	43	1484
13980	43	687
13981	43	113
13982	43	673
13983	43	106
13984	43	333
13985	43	192
13986	43	155
13987	43	205
13988	43	382
13989	43	474
13990	43	187
13991	43	751
13992	43	670
13993	43	885
13994	43	1493
13995	43	557
13996	43	380
13997	43	1203
13998	43	347
13999	43	621
14000	43	1124
14001	43	118
14002	43	973
14003	43	53
14004	43	1250
14005	43	920
14006	43	1102
14007	43	1162
14008	43	1405
14009	43	962
14010	43	1371
14011	43	105
14012	43	636
14013	43	8
14014	43	413
14015	43	583
14016	43	61
14017	43	179
14018	43	735
14019	43	898
14020	43	1170
14021	43	208
14022	43	372
14023	43	761
14024	43	76
14025	43	1146
14026	43	826
14027	43	1345
14028	43	324
14029	43	148
14030	43	43
14031	43	849
14032	43	661
14033	43	804
14034	43	477
14035	43	960
14036	43	1073
14037	43	512
14038	43	777
14039	43	1334
14040	43	312
14041	43	782
14042	43	1042
14043	43	1494
14044	43	915
14045	43	1028
14046	43	402
14047	43	1239
14048	43	2
14049	43	986
14050	43	493
14051	43	1122
14052	43	1368
14053	43	306
14054	43	1141
14055	43	873
14056	43	907
14057	43	294
14058	43	1431
14059	43	21
14060	43	768
14061	43	1154
14062	43	145
14063	43	679
14064	43	608
14065	43	1181
14066	43	1209
14067	43	650
14068	43	959
14069	43	120
14070	43	1086
14071	43	7
14072	43	741
14073	43	111
14074	43	658
14075	43	392
14076	43	14
14077	43	465
14078	43	996
14079	43	506
14080	43	795
14081	43	507
14082	43	1485
14083	43	863
14084	43	178
14085	43	197
14086	43	446
14087	43	916
14088	43	990
14089	43	1242
14090	43	712
14091	43	1168
14092	43	576
14093	43	600
14094	43	301
14095	43	843
14096	43	62
14097	43	59
14098	43	688
14099	43	1441
14100	43	471
14101	43	1495
14102	43	151
14103	43	95
14104	43	352
14105	43	662
14106	43	451
14107	43	627
14108	43	442
14109	43	227
14110	43	287
14111	43	132
14112	43	204
14113	43	249
14114	43	398
14115	43	336
14116	44	650
14117	44	19
14118	44	10
14119	44	22
14120	44	186
14121	44	83
14122	44	144
14123	44	741
14124	44	55
14125	44	410
14126	44	673
14127	44	399
14128	44	36
14129	44	175
14130	44	94
14131	44	766
14132	44	1063
14133	44	72
14134	44	286
14135	44	515
14136	44	206
14137	44	556
14138	44	116
14139	44	813
14140	44	279
14141	44	132
14142	44	78
14143	44	664
14144	44	110
14145	44	18
14146	44	467
14147	44	77
14148	44	2
14149	44	70
14150	44	463
14151	44	1043
14152	44	11
14153	44	150
14154	44	210
14155	44	120
14156	44	552
14157	44	222
14158	44	17
14159	44	302
14160	44	29
14161	44	642
14162	44	361
14163	44	97
14164	44	1
14165	44	12
14166	44	122
14167	44	135
14168	44	809
14169	44	693
14170	44	50
14171	44	66
14172	44	727
14173	44	610
14174	44	173
14175	44	171
14176	44	31
14177	44	51
14178	44	817
14179	44	765
14180	44	545
14181	44	28
14182	44	345
14183	44	349
14184	44	254
14185	44	6
14186	44	828
14187	44	975
14188	44	216
14189	44	977
14190	44	1248
14191	44	96
14192	44	568
14193	44	133
14194	44	341
14195	44	619
14196	44	559
14197	44	196
14198	44	954
14199	44	1113
14200	44	886
14201	44	585
14202	44	897
14203	44	59
14204	44	121
14205	44	987
14206	44	30
14207	44	544
14208	44	231
14209	44	466
14210	44	114
14211	44	564
14212	44	535
14213	44	768
14214	44	742
14215	44	695
14216	44	269
14217	44	54
14218	44	1024
14219	44	174
14220	44	795
14221	44	748
14222	44	203
14223	44	698
14224	44	616
14225	44	76
14226	44	816
14227	44	102
14228	44	44
14229	44	328
14230	44	113
14231	44	406
14232	44	414
14233	44	146
14234	44	20
14235	44	400
14236	44	296
14237	44	112
14238	44	687
14239	44	407
14240	44	41
14241	44	191
14242	44	251
14243	44	7
14244	44	404
14245	44	577
14246	44	105
14247	44	1166
14248	44	327
14249	44	284
14250	44	1276
14251	44	1086
14252	44	1236
14253	44	438
14254	44	824
14255	44	182
14256	44	293
14257	44	1038
14258	44	126
14259	44	654
14260	44	976
14261	44	751
14262	44	597
14263	44	1372
14264	44	53
14265	44	579
14266	44	26
14267	44	711
14268	44	350
14269	44	64
14270	44	815
14271	44	16
14272	44	717
14273	44	1084
14274	44	376
14275	44	796
14276	44	69
14277	44	660
14278	44	541
14279	44	5
14280	44	123
14281	44	219
14282	44	810
14283	44	980
14284	44	109
14285	44	520
14286	44	366
14287	44	34
14288	44	331
14289	44	1009
14290	44	570
14291	44	452
14292	44	314
14293	44	234
14294	44	950
14295	44	914
14296	44	445
14297	44	812
14298	44	884
14299	44	1015
14300	44	418
14301	44	221
14302	44	469
14303	44	492
14304	44	79
14305	44	1306
14306	44	508
14307	44	450
14308	44	352
14309	44	753
14310	44	971
14311	44	130
14312	44	671
14313	44	551
14314	44	1120
14315	44	1367
14316	44	1265
14317	44	959
14318	44	526
14319	44	262
14320	44	1239
14321	44	1014
14322	44	1026
14323	44	3
14324	44	395
14325	44	104
14326	44	786
14327	44	381
14328	44	129
14329	44	1496
14330	44	782
14331	44	744
14332	44	294
14333	44	343
14334	44	283
14335	44	149
14336	44	43
14337	44	320
14338	44	39
14339	44	139
14340	44	1242
14341	44	141
14342	44	769
14343	44	1042
14344	44	227
14345	44	138
14346	45	110
14347	45	12
14348	45	144
14349	45	544
14350	45	466
14351	45	401
14352	45	122
14353	45	102
14354	45	308
14355	45	522
14356	45	399
14357	45	1242
14358	45	1
14359	45	75
14360	45	1276
14361	45	950
14362	45	410
14363	45	1236
14364	45	22
14365	45	17
14366	45	303
14367	45	63
14368	45	146
14369	45	682
14370	45	59
14371	45	99
14372	45	975
14373	45	83
14374	45	30
14375	45	129
14376	45	515
14377	45	121
14378	45	70
14379	45	279
14380	45	987
14381	45	29
14382	45	28
14383	45	126
14384	45	1081
14385	45	18
14386	45	71
14387	45	191
14388	45	817
14389	45	211
14390	45	809
14391	45	1456
14392	45	10
14393	45	213
14394	45	1038
14395	45	123
14396	45	64
14397	45	254
14398	45	1005
14399	45	430
14400	45	713
14401	45	552
14402	45	55
14403	45	790
14404	45	19
14405	45	6
14406	45	917
14407	45	86
14408	45	251
14409	45	16
14410	45	888
14411	45	116
14412	45	1241
14413	45	664
14414	45	78
14415	45	94
14416	45	135
14417	45	160
14418	45	175
14419	45	404
14420	45	352
14421	45	775
14422	45	133
14423	45	1156
14424	45	120
14425	45	827
14426	45	826
14427	45	168
14428	45	72
14429	45	50
14430	45	125
14431	45	155
14432	45	878
14433	45	269
14434	45	1025
14435	45	298
14436	45	31
14437	45	54
14438	45	320
14439	45	810
14440	45	134
14441	45	41
14442	45	333
14443	45	261
14444	45	1147
14445	45	38
14446	45	995
14447	45	996
14448	45	532
14449	45	328
14450	45	33
14451	45	69
14452	45	206
14453	45	795
14454	45	294
14455	45	219
14456	45	1235
14457	45	914
14458	45	39
14459	45	81
14460	45	186
14461	45	505
14462	45	1301
14463	45	1313
14464	45	21
14465	45	691
14466	45	43
14467	45	182
14468	45	753
14469	45	111
14470	45	8
14471	45	868
14472	45	808
14473	45	293
14474	45	243
14475	45	773
14476	45	447
14477	45	425
14478	45	1480
14479	45	465
14480	45	5
14481	45	132
14482	45	3
14483	45	1143
14484	45	665
14485	45	1222
14486	45	4
14487	45	1263
14488	45	58
14489	45	234
14490	45	763
14491	45	87
14492	45	161
14493	45	873
14494	45	53
14495	45	1057
14496	45	314
14497	45	467
14498	45	51
14499	45	768
14500	45	687
14501	45	174
14502	45	36
14503	45	302
14504	45	1132
14505	45	44
14506	45	711
14507	45	138
14508	45	828
14509	45	650
14510	45	7
14511	45	1000
14512	45	98
14513	45	150
14514	45	812
14515	45	360
14516	45	597
14517	45	377
14518	45	1218
14519	45	559
14520	45	782
14521	45	844
14522	45	766
14523	45	724
14524	45	1063
14525	45	169
14526	45	461
14527	45	445
14528	45	699
14529	45	474
14530	45	698
14531	45	1024
14532	45	816
14533	46	55
14534	46	19
14535	46	657
14536	46	10
14537	46	17
14538	46	1231
14539	46	1058
14540	46	461
14541	46	474
14542	46	135
14543	46	741
14544	46	6
14545	46	872
14546	46	101
14547	46	50
14548	46	1276
14549	46	1236
14550	46	1240
14551	46	1482
14552	46	110
14553	46	5
14554	46	379
14555	46	157
14556	46	326
14557	46	323
14558	46	460
14559	46	156
14560	46	1180
14561	46	850
14562	46	133
14563	46	138
14564	46	1234
14565	46	765
14566	46	729
14567	46	828
14568	46	36
14569	46	410
14570	46	316
14571	46	789
14572	46	143
14573	46	790
14574	46	996
14575	46	451
14576	46	279
14577	46	618
14578	46	1156
14579	46	544
14580	46	22
14581	46	1
14582	46	845
14583	46	274
14584	46	419
14585	46	525
14586	46	83
14587	46	113
14588	46	94
14589	46	1143
14590	46	91
14591	46	1102
14592	46	1098
14593	46	698
14594	46	515
14595	46	1038
14596	46	146
14597	46	812
14598	46	1214
14599	46	727
14600	46	1485
14601	46	1063
14602	46	401
14603	46	18
14604	46	175
14605	46	1418
14606	46	174
14607	46	1486
14608	46	360
14609	46	44
14610	46	232
14611	46	1265
14612	46	234
14613	46	711
14614	46	465
14615	46	54
14616	46	116
14617	46	122
14618	46	1456
14619	46	949
14620	46	1250
14621	46	254
14622	46	898
14623	46	186
14624	46	140
14625	46	671
14626	46	565
14627	46	258
14628	46	112
14629	46	33
14630	46	782
14631	46	768
14632	46	766
14633	46	206
14634	46	11
14635	46	235
14636	46	114
14637	46	231
14638	46	717
14639	46	12
14640	46	70
14641	46	1043
14642	46	99
14643	46	29
14644	46	773
14645	46	320
14646	46	823
14647	46	79
14648	46	399
14649	46	88
14650	46	650
14651	46	381
14652	46	404
14653	46	191
14654	46	909
14655	46	134
14656	46	58
14657	46	72
14658	46	654
14659	46	907
14660	46	382
14661	46	1333
14662	46	261
14663	46	783
14664	46	472
14665	46	449
14666	46	7
14667	46	826
14668	46	1100
14669	46	827
14670	46	547
14671	46	182
14672	46	1314
14673	46	40
14674	46	228
14675	46	39
14676	46	563
14677	46	251
14678	46	1389
14679	46	270
14680	46	64
14681	46	970
14682	46	359
14683	46	438
14684	46	256
14685	46	619
14686	46	987
14687	46	467
14688	46	202
14689	46	173
14690	46	219
14691	46	111
14692	46	552
14693	46	31
14694	46	67
14695	46	132
14696	46	141
14697	46	778
14698	46	769
14699	46	585
14700	46	450
14701	46	196
14702	46	357
14703	46	740
14704	46	426
14705	46	398
14706	46	1241
14707	46	284
14708	46	302
14709	46	1242
14710	46	516
14711	46	468
14712	46	97
14713	46	751
14714	46	597
14715	46	445
14716	46	528
14717	46	1402
14718	46	587
14719	46	81
14720	46	522
14721	46	105
14722	46	80
14723	46	41
14724	46	121
14725	46	744
14726	46	221
14727	46	69
14728	46	21
14729	46	227
14730	46	952
14731	46	1026
14732	46	351
14733	46	155
14734	46	684
14735	46	1016
14736	46	642
14737	46	695
14738	46	1218
14739	46	570
14740	46	1175
14741	46	1086
14742	46	466
14743	46	269
14744	46	1042
14745	46	817
14746	46	1221
14747	46	77
14748	46	16
14749	46	977
14750	46	352
14751	46	353
14752	46	20
14753	46	150
14754	46	748
14755	46	950
14756	46	724
14757	46	120
14758	46	628
14759	46	503
14760	46	686
14761	46	1355
14762	46	797
14763	46	1235
14764	46	413
14765	46	664
14766	46	418
14767	46	331
14768	46	1253
14769	46	905
14770	46	1366
14771	46	624
14772	46	85
14773	46	104
14774	46	430
14775	46	1074
14776	46	493
14777	46	1252
14778	46	272
14779	46	42
14780	46	229
14781	46	115
14782	46	295
14783	46	87
14784	46	919
14785	46	160
14786	46	759
14787	46	1285
14788	46	102
14789	46	816
14790	46	414
14791	46	612
14792	46	832
14793	46	487
14794	46	930
14795	46	303
14796	46	90
14797	46	806
14798	46	387
14799	46	637
14800	46	1480
14801	46	1309
14802	46	475
14803	46	280
14804	46	310
14805	46	616
14806	46	745
14807	46	1222
14808	46	1243
14809	46	1289
14810	46	48
14811	46	749
14812	46	870
14813	46	298
14814	46	416
14815	46	347
14816	46	14
14817	46	417
14818	46	247
14819	46	51
14820	46	432
14821	46	500
14822	46	267
14823	46	892
14824	46	687
14825	46	1232
14826	46	470
14827	46	1018
14828	46	76
14829	46	433
14830	46	385
14831	46	801
14832	46	894
14833	46	93
14834	46	336
14835	46	49
14836	46	1049
14837	46	787
14838	46	34
14839	46	197
14840	46	972
14841	46	1181
14842	46	1500
14843	46	129
14844	46	1081
14845	46	1358
14846	46	1301
14847	46	630
14848	46	645
14849	46	376
14850	46	126
14851	46	142
14852	46	975
14853	46	190
14854	46	811
14855	46	661
14856	46	721
14857	46	505
14858	46	26
14859	46	626
14860	46	540
14861	46	1000
14862	46	1101
14863	46	507
14864	46	864
14865	46	1501
14866	46	734
14867	46	149
14868	46	144
14869	46	857
14870	46	463
14871	46	57
14872	46	846
14873	46	916
14874	46	265
14875	46	999
14876	46	976
14877	46	424
14878	46	536
14879	46	98
14880	46	708
14881	46	993
14882	46	8
14883	46	119
14884	46	118
14885	46	559
14886	46	824
14887	46	1108
14888	46	746
14889	46	617
14890	46	1386
14891	46	448
14892	46	327
14893	46	1239
14894	46	358
14895	46	296
14896	46	161
14897	46	757
14898	46	151
14899	46	314
14900	46	117
14901	46	712
14902	46	713
14903	46	539
14904	46	1484
14905	46	804
14906	46	1307
14907	46	1342
14908	46	428
14909	46	342
14910	46	1044
14911	46	131
14912	46	1059
14913	46	1502
14914	46	3
14915	46	1364
14916	46	402
14917	46	1503
14918	46	1066
14919	46	59
14920	46	96
14921	46	2
14922	46	770
14923	46	306
14924	46	869
14925	46	28
14926	46	647
14927	46	595
14928	46	610
14929	46	388
14930	46	964
14931	46	621
14932	46	810
14933	46	636
14934	46	239
14935	46	520
14936	46	1483
14937	46	43
14938	46	30
14939	46	147
14940	46	1204
14941	46	283
14942	46	737
14943	46	568
14944	46	981
14945	46	1432
14946	46	1076
14947	46	179
14948	46	883
14949	46	627
14950	46	841
14951	46	255
14952	46	1326
14953	46	171
14954	46	856
14955	46	4
14956	46	1123
14957	46	986
14958	46	154
14959	46	469
14960	46	201
14961	46	425
14962	46	1009
14963	46	785
14964	46	945
14965	46	962
14966	46	1248
14967	46	250
14968	46	1219
14969	46	415
14970	46	1168
14971	46	477
14972	46	1112
14973	46	1215
14974	46	1383
14975	46	78
14976	46	15
14977	46	315
14978	46	980
14979	46	690
14980	46	594
14981	46	246
14982	46	1504
14983	46	1065
14984	46	222
14985	46	753
14986	46	53
14987	46	212
14988	46	325
14989	46	308
14990	46	691
14991	46	795
14992	46	75
14993	46	168
14994	46	611
14995	46	294
14996	46	492
14997	46	38
14998	46	211
