rowcode	selection	commodity
6177	22	186
6178	22	544
6179	22	828
6180	22	695
6181	22	1219
6182	22	913
6183	22	981
6184	22	19
6185	22	1220
6186	22	117
6187	22	1042
6188	22	12
6189	22	50
6190	22	1221
6191	22	381
6192	22	83
6193	22	980
6194	22	10
6195	22	279
6196	22	540
6197	22	753
6198	22	698
6199	22	404
6200	22	147
6201	22	70
6202	22	768
6203	22	315
6204	22	125
6205	22	144
6206	22	375
6207	22	274
6208	22	1222
6209	22	809
6210	22	650
6211	22	766
6212	22	642
6213	22	132
6214	22	206
6215	22	1156
6216	22	219
6217	22	819
6218	22	111
6219	22	360
6220	22	44
6221	22	102
6222	22	937
6223	22	711
6224	22	135
6225	22	1
6226	22	129
6227	22	810
6228	22	121
6229	22	401
6230	22	155
6231	22	1100
6232	22	94
6233	22	379
6234	22	565
6235	22	38
6236	22	1005
6237	22	122
6238	22	88
6239	22	956
6240	22	139
6241	22	99
6242	22	498
6243	22	16
6244	22	26
6245	22	51
6246	22	1000
6247	22	150
6248	22	450
6249	22	352
6250	22	466
6251	22	505
6252	22	64
6253	22	269
6254	22	554
6255	22	151
6256	22	399
6257	22	98
6258	22	196
6259	22	812
6260	22	284
6261	22	86
6262	22	328
6263	22	20
6264	22	438
6265	22	748
6266	22	914
6267	22	146
6268	22	41
6269	22	343
6270	22	7
6271	22	36
6272	22	424
6273	22	976
6274	22	1223
6275	22	55
6276	22	520
6277	22	883
6278	22	18
6279	22	742
6280	22	234
6281	22	1224
6282	22	363
6283	22	84
6284	22	897
6285	22	104
6286	22	986
6287	22	1126
6288	22	815
6289	22	5
6290	22	21
6291	22	298
6292	22	721
6293	22	790
6294	22	246
6295	22	1114
6296	22	432
6297	22	440
6298	22	264
6299	22	356
6300	22	43
6301	22	4
6302	22	1018
6303	22	556
6304	22	133
6305	22	1225
6306	22	1218
6307	22	344
6308	22	1217
6309	22	283
6310	22	410
6311	22	3
6312	22	2
6313	22	561
6314	22	1166
6315	22	1169
6316	22	69
6317	22	917
6318	22	175
6319	22	53
6320	22	1226
6321	22	73
6322	22	749
6323	22	190
6324	22	492
6325	22	300
6326	22	221
6327	22	993
6328	22	223
6329	22	66
6330	22	667
6331	22	1227
6332	22	1228
6333	22	470
6334	22	293
6335	22	351
6336	22	1229
6337	22	1230
6338	22	451
6339	22	17
6340	22	34
6341	22	463
6342	22	796
6343	22	138
6344	22	1231
6345	22	515
6346	22	110
6347	22	239
6348	22	1028
6349	22	950
6350	22	116
6351	22	574
6352	22	353
6353	22	225
6354	22	843
6355	22	178
6356	22	975
6357	22	1038
6358	22	158
6359	22	658
6360	22	8
6361	22	280
6362	22	74
6363	22	161
6364	22	409
6365	22	1232
6366	22	1233
6367	22	153
6368	22	464
6369	22	1234
6370	22	1235
6371	22	76
6372	22	250
6373	22	1236
6374	22	310
6375	22	1237
6376	22	682
6377	22	672
6378	22	92
6379	22	795
6380	22	597
6381	22	475
6382	22	673
6383	22	28
6384	22	22
6385	22	426
6386	22	281
6387	22	251
6388	22	229
6389	22	881
6390	22	552
6391	22	78
6392	22	462
6393	22	211
6394	22	341
6395	22	75
6396	22	235
6397	22	836
6398	22	1238
6399	22	751
6400	22	1147
6401	22	1074
6402	22	1239
6403	22	512
6404	22	253
6405	22	971
6406	22	81
6407	22	940
6408	22	323
6409	22	734
6410	22	422
6411	22	760
6412	22	131
6413	22	446
6414	22	1250
6415	22	181
6416	22	547
6417	22	782
6418	22	265
6419	22	220
6420	22	797
6421	22	1063
6422	22	1102
6423	22	1248
6424	22	966
6425	22	1243
6426	22	637
6427	22	120
6428	22	31
6429	22	58
6430	22	385
6431	22	864
6432	22	243
6433	22	763
6434	22	872
6435	22	52
6436	22	32
6437	22	136
6438	22	1298
6439	22	97
6440	22	949
6441	22	333
6442	22	616
6443	22	918
6444	22	197
6445	22	357
6446	22	643
6447	22	182
6448	22	747
6449	22	1036
6450	22	507
6451	22	786
6452	22	888
6453	22	292
6454	22	884
6455	22	67
6456	22	255
6457	22	63
6458	22	744
6459	22	582
6460	22	238
6461	22	416
6462	22	285
6463	22	1121
6464	22	1191
6465	22	984
6466	22	361
6467	22	33
6468	22	560
6469	22	1299
6470	22	359
6471	22	691
6472	22	61
6473	22	647
6474	22	570
6475	22	1269
6476	22	1241
6477	22	1148
6478	22	65
6479	22	123
6480	22	1257
6481	22	456
6482	22	11
6483	22	1277
6484	22	959
6485	22	173
6486	22	568
6487	22	77
6488	22	79
6489	22	248
6490	22	137
6491	22	732
6492	22	1215
6493	22	207
6494	22	316
6495	22	1024
6496	22	1300
6497	22	106
6498	22	467
6499	22	30
6500	22	1301
6501	22	445
6502	22	228
6503	22	387
6504	22	358
6505	22	210
6506	22	549
6507	22	48
6508	22	805
6509	22	598
6510	22	494
6511	22	945
6512	22	1302
6513	22	1303
6514	22	770
6515	22	40
6516	22	1304
6517	22	142
6518	22	660
6519	22	260
6520	22	1305
6521	22	109
6522	22	331
6523	22	668
6524	22	486
6525	22	37
6526	22	465
6527	22	661
6528	22	263
6529	22	1306
6530	22	414
6531	22	957
6532	22	460
6533	22	1292
6534	22	1141
6535	22	706
6536	22	23
6537	22	1247
6538	22	294
6539	22	1285
6540	22	964
6541	22	988
6542	22	56
6543	22	1296
6544	22	1307
6545	22	1276
6546	22	1189
6547	22	113
6548	22	1273
6549	22	679
6550	22	128
6551	22	96
6552	22	320
6553	22	1008
6554	22	600
6555	22	771
6556	22	91
6557	22	584
6558	22	130
6559	22	1013
6560	22	543
6561	22	237
6562	22	24
6563	22	105
6564	22	1289
6565	22	585
6566	22	29
6567	22	14
6568	22	708
6569	22	670
6570	22	1143
6571	22	823
6572	22	126
6573	22	405
6574	22	495
6575	22	154
6576	22	143
6577	23	117
6578	23	470
6579	23	950
6580	23	1240
6581	23	55
6582	23	396
6583	23	1166
6584	23	18
6585	23	1063
6586	23	1147
6587	23	110
6588	23	186
6589	23	193
6590	23	245
6591	23	279
6592	23	19
6593	23	770
6594	23	219
6595	23	320
6596	23	38
6597	23	234
6598	23	157
6599	23	83
6600	23	917
6601	23	1038
6602	23	161
6603	23	832
6604	23	913
6605	23	996
6606	23	121
6607	23	401
6608	23	3
6609	23	1220
6610	23	69
6611	23	642
6612	23	70
6613	23	111
6614	23	937
6615	23	87
6616	23	116
6617	23	741
6618	23	872
6619	23	155
6620	23	11
6621	23	1241
6622	23	490
6623	23	276
6624	23	112
6625	23	77
6626	23	717
6627	23	74
6628	23	833
6629	23	75
6630	23	1013
6631	23	1218
6632	23	611
6633	23	856
6634	23	1223
6635	23	585
6636	23	1175
6637	23	414
6638	23	1102
6639	23	91
6640	23	1221
6641	23	50
6642	23	975
6643	23	86
6644	23	1128
6645	23	695
6646	23	143
6647	23	150
6648	23	768
6649	23	22
6650	23	1227
6651	23	676
6652	23	525
6653	23	811
6654	23	129
6655	23	980
6656	23	72
6657	23	140
6658	23	817
6659	23	809
6660	23	828
6661	23	1242
6662	23	977
6663	23	1173
6664	23	125
6665	23	261
6666	23	88
6667	23	1235
6668	23	904
6669	23	542
6670	23	6
6671	23	381
6672	23	1040
6673	23	1285
6674	23	360
6675	23	5
6676	23	99
6677	23	1143
6678	23	104
6679	23	94
6680	23	342
6681	23	445
6682	23	156
6683	23	1233
6684	23	102
6685	23	388
6686	23	987
6687	23	474
6688	23	247
6689	23	166
6690	23	173
6691	23	149
6692	23	1289
6693	23	495
6694	23	376
6695	23	206
6696	23	656
6697	23	552
6698	23	81
6699	23	1059
6700	23	43
6701	23	981
6702	23	298
6703	23	691
6704	23	106
6705	23	539
6706	23	175
6707	23	540
6708	23	130
6709	23	53
6710	23	66
6711	23	223
6712	23	687
6713	23	1290
6714	23	775
6715	23	1234
6716	23	597
6717	23	1291
6718	23	1098
6719	23	515
6720	23	34
6721	23	1005
6722	23	528
6723	23	1236
6724	23	1276
6725	23	1017
6726	23	404
6727	23	142
6728	23	338
6729	23	187
6730	23	174
6731	23	1243
6732	23	20
6733	23	466
6734	23	673
6735	23	379
6736	23	153
6737	23	44
6738	23	21
6739	23	957
6740	23	660
6741	23	1250
6742	23	98
6743	23	30
6744	23	734
6745	23	1100
6746	23	1269
6747	23	706
6748	23	386
6749	23	258
6750	23	460
6751	23	790
6752	23	17
6753	23	280
6754	23	698
6755	23	1028
6756	23	771
6757	23	54
6758	23	465
6759	23	41
6760	23	877
6761	23	178
6762	23	384
6763	23	618
6764	23	144
6765	23	778
6766	23	760
6767	23	1292
6768	23	96
6769	23	520
6770	23	25
6771	23	1095
6772	23	472
6773	23	139
6774	23	8
6775	23	114
6776	23	544
6777	23	923
6778	23	341
6779	23	16
6780	23	413
6781	23	547
6782	23	432
6783	23	416
6784	23	617
6785	23	48
6786	23	565
6787	23	190
6788	23	375
6789	23	145
6790	23	398
6791	23	85
6792	23	339
6793	23	1094
6794	23	138
6795	23	742
6796	23	1112
6797	23	753
6798	23	265
6799	23	10
6800	23	122
6801	23	1248
6802	23	756
6803	23	361
6804	23	1156
6805	23	105
6806	23	848
6807	23	120
6808	23	849
6809	23	587
6810	23	385
6811	23	1230
6812	23	616
6813	23	1293
6814	23	961
6815	23	1076
6816	23	1294
6817	23	1222
6818	23	405
6819	23	467
6820	23	40
6821	23	235
6822	23	627
6823	23	284
6824	23	319
6825	23	128
6826	23	323
6827	23	78
6828	23	571
6829	23	312
6830	23	626
6831	23	909
6832	23	648
6833	23	251
6834	23	1295
6835	23	268
6836	23	73
6837	23	32
6838	23	410
6839	23	182
6840	23	1219
6841	23	1192
6842	23	1247
6843	23	1283
6844	23	920
6845	23	49
6846	23	353
6847	23	699
6848	23	1208
6849	23	92
6850	23	483
6851	23	671
6852	23	266
6853	23	679
6854	23	107
6855	23	79
6856	23	324
6857	23	228
6858	23	310
6859	23	894
6860	23	908
6861	23	239
6862	23	1057
6863	23	315
6864	23	216
6865	23	39
6866	23	134
6867	23	378
6868	23	29
6869	23	56
6870	23	281
6871	23	148
6872	23	864
6873	23	126
6874	23	464
6875	23	461
6876	23	1029
6877	23	1
6878	23	1239
6879	23	1226
6880	23	227
6881	23	97
6882	23	576
6883	23	196
6884	23	90
6885	23	203
6886	23	815
6887	23	1081
6888	23	970
6889	23	356
6890	23	1296
6891	23	12
6892	23	301
6893	23	363
6894	23	395
6895	23	133
6896	23	435
6897	23	334
6898	23	446
6899	23	683
6900	23	118
6901	23	331
6902	23	246
6903	23	1300
6904	23	898
6905	23	505
6906	23	252
6907	23	1148
6908	23	1189
6909	23	307
6910	23	956
6911	23	953
6912	23	801
6913	23	433
6914	23	1265
6915	23	1252
6916	23	189
6917	23	456
6918	23	236
6919	23	989
6920	23	450
6921	23	800
6922	23	988
6923	23	283
6924	23	387
6925	23	966
6926	23	33
6927	23	136
6928	23	1277
6929	23	147
6930	23	68
6931	23	1308
6932	23	739
6933	23	256
6934	23	940
6935	23	1309
6936	23	1190
6937	23	135
6938	23	719
6939	23	1310
6940	23	818
6941	23	494
6942	23	294
6943	23	925
6944	23	31
6945	23	986
6946	23	1074
6947	23	181
6948	23	58
6949	23	1266
6950	23	1249
6951	23	1019
6952	23	64
6953	23	131
6954	23	1070
6955	23	574
6956	23	785
6957	23	475
6958	23	1042
6959	23	1361
6960	23	963
6961	23	1257
6962	23	463
6963	23	776
6964	23	1158
6965	23	661
6966	23	47
6967	23	1348
6968	23	422
6969	23	595
6970	23	605
6971	23	749
6972	23	36
6973	23	477
6974	23	1362
6975	23	231
6976	23	797
6977	23	302
6978	23	351
6979	23	71
6980	23	512
6981	23	798
6982	23	847
6983	23	327
6984	23	202
6985	23	434
6986	23	93
6987	23	23
6988	23	167
6989	23	240
6990	23	286
6991	23	964
6992	23	263
6993	23	600
6994	23	792
6995	23	650
6996	23	428
6997	23	861
6998	23	971
6999	23	46
7000	23	806
7001	23	1275
7002	23	993
7003	23	141
7004	23	309
7005	23	1358
7006	23	649
7007	23	680
7008	23	897
7009	23	318
7010	23	816
7011	23	670
7012	23	678
7013	23	1313
7014	23	158
7015	23	750
7016	23	732
7017	23	1047
7018	23	332
7019	23	377
7020	23	76
7021	23	733
7022	23	253
7023	23	392
7024	23	248
7025	23	362
7026	23	1035
7027	23	109
7028	23	336
7029	23	380
7030	23	795
7031	23	499
7032	24	136
7033	24	1040
7034	24	129
7035	24	11
7036	24	18
7037	24	186
7038	24	352
7039	24	883
7040	24	285
7041	24	88
7042	24	379
7043	24	586
7044	24	328
7045	24	227
7046	24	1094
7047	24	1243
7048	24	247
7049	24	676
7050	24	686
7051	24	381
7052	24	466
7053	24	693
7054	24	1244
7055	24	7
7056	24	196
7057	24	741
7058	24	984
7059	24	306
7060	24	1102
7061	24	430
7062	24	55
7063	24	345
7064	24	717
7065	24	111
7066	24	125
7067	24	1245
7068	24	1246
7069	24	169
7070	24	410
7071	24	70
7072	24	940
7073	24	515
7074	24	36
7075	24	120
7076	24	8
7077	24	175
7078	24	1013
7079	24	144
7080	24	642
7081	24	69
7082	24	1247
7083	24	147
7084	24	776
7085	24	54
7086	24	917
7087	24	856
7088	24	86
7089	24	975
7090	24	711
7091	24	50
7092	24	570
7093	24	153
7094	24	141
7095	24	1248
7096	24	1095
7097	24	1240
7098	24	918
7099	24	986
7100	24	687
7101	24	155
7102	24	110
7103	24	916
7104	24	156
7105	24	157
7106	24	1180
7107	24	1249
7108	24	1220
7109	24	406
7110	24	32
7111	24	766
7112	24	1250
7113	24	915
7114	24	66
7115	24	713
7116	24	19
7117	24	1
7118	24	279
7119	24	246
7120	24	775
7121	24	360
7122	24	20
7123	24	382
7124	24	43
7125	24	804
7126	24	812
7127	24	158
7128	24	225
7129	24	1105
7130	24	1251
7131	24	150
7132	24	21
7133	24	61
7134	24	130
7135	24	810
7136	24	1121
7137	24	768
7138	24	56
7139	24	401
7140	24	135
7141	24	121
7142	24	909
7143	24	568
7144	24	1005
7145	24	149
7146	24	528
7147	24	650
7148	24	83
7149	24	470
7150	24	206
7151	24	522
7152	24	25
7153	24	179
7154	24	1043
7155	24	221
7156	24	660
7157	24	913
7158	24	255
7159	24	248
7160	24	547
7161	24	98
7162	24	17
7163	24	102
7164	24	219
7165	24	2
7166	24	173
7167	24	41
7168	24	310
7169	24	664
7170	24	28
7171	24	818
7172	24	116
7173	24	34
7174	24	92
7175	24	202
7176	24	585
7177	24	464
7178	24	81
7179	24	551
7180	24	823
7181	24	414
7182	24	1284
7183	24	87
7184	24	1285
7185	24	91
7186	24	281
7187	24	77
7188	24	866
7189	24	138
7190	24	587
7191	24	971
7192	24	996
7193	24	22
7194	24	357
7195	24	1236
7196	24	1039
7197	24	301
7198	24	956
7199	24	1081
7200	24	161
7201	24	3
7202	24	539
7203	24	1156
7204	24	1063
7205	24	1227
7206	24	250
7207	24	959
7208	24	552
7209	24	422
7210	24	635
7211	24	898
7212	24	326
7213	24	166
7214	24	505
7215	24	753
7216	24	235
7217	24	1286
7218	24	612
7219	24	836
7220	24	216
7221	24	1100
7222	24	1028
7223	24	181
7224	24	409
7225	24	97
7226	24	881
7227	24	1166
7228	24	29
7229	24	258
7230	24	548
7231	24	778
7232	24	789
7233	24	1222
7234	24	94
7235	24	734
7236	24	683
7237	24	698
7238	24	38
7239	24	190
7240	24	112
7241	24	442
7242	24	51
7243	24	445
7244	24	228
7245	24	30
7246	24	797
7247	24	544
7248	24	467
7249	24	748
7250	24	286
7251	24	52
7252	24	399
7253	24	1219
7254	24	469
7255	24	182
7256	24	1253
7257	24	655
7258	24	74
7259	24	897
7260	24	808
7261	24	79
7262	24	277
7263	24	231
7264	24	122
7265	24	1076
7266	24	995
7267	24	295
7268	24	1235
7269	24	404
7270	24	954
7271	24	948
7272	24	611
7273	24	126
7274	24	782
7275	24	63
7276	24	341
7277	24	267
7278	24	884
7279	24	417
7280	24	1068
7281	24	65
7282	24	869
7283	24	1226
7284	24	127
7285	24	223
7286	24	44
7287	24	1042
7288	24	143
7289	24	1216
7290	24	134
7291	24	273
7292	24	708
7293	24	1300
7294	24	10
7295	24	53
7296	24	1203
7297	24	1311
7298	24	59
7299	24	1310
7300	24	597
7301	24	1277
7302	24	1148
7303	24	293
7304	24	268
7305	24	877
7306	24	380
7307	24	618
7308	24	241
7309	24	46
7310	24	554
7311	24	625
7312	24	465
7313	24	784
7314	24	239
7315	24	691
7316	24	234
7317	24	1054
7318	24	477
7319	24	398
7320	24	896
7321	24	1110
7322	24	613
7323	24	806
7324	24	139
7325	24	123
7326	24	218
7327	24	1312
7328	24	386
7329	24	290
7330	24	76
7331	24	670
7332	24	23
7333	24	946
7334	24	525
7335	24	864
7336	24	1221
7337	24	254
7338	24	302
7339	24	541
7340	24	463
7341	24	327
7342	24	96
7343	24	174
7344	24	283
7345	24	39
7346	24	140
7347	24	148
7348	24	1229
7349	24	1189
7350	24	1019
7351	24	1313
7352	24	1025
7353	24	608
7354	24	863
7355	24	48
7356	24	142
7357	24	771
7358	24	722
7359	24	781
7360	24	966
7361	24	461
7362	24	600
7363	24	661
7364	24	384
7365	24	323
7366	24	5
7367	24	1314
7368	24	509
7369	24	1233
7370	24	777
7371	24	678
7372	24	796
7373	24	1315
7374	24	47
7375	24	322
7376	24	353
7377	24	1190
7378	24	434
7379	24	441
7380	24	1112
7381	24	446
7382	24	385
7383	24	474
7384	24	370
7385	24	377
7386	24	6
7387	24	1316
7388	24	790
7389	24	1294
7390	24	787
7391	24	68
7392	24	783
7393	24	987
7394	24	71
7395	24	419
7396	24	117
7397	24	325
7398	24	238
7399	24	1317
7400	24	1318
7401	24	372
7402	24	388
7403	24	1242
7404	24	95
7405	24	320
7406	24	1301
7407	24	561
7408	24	119
7409	24	1230
7410	24	252
7411	24	523
7412	24	705
7413	24	739
7414	24	1173
7415	24	520
7416	24	1293
7417	24	270
7418	24	878
7419	24	671
7420	24	280
7421	24	167
7422	24	1231
7423	24	456
7424	24	300
7425	24	779
7426	24	211
7427	24	495
7428	24	342
7429	24	432
7430	24	1175
7431	24	859
7432	24	433
7433	24	756
7434	24	13
7435	24	494
7436	24	980
7437	24	1347
7438	24	981
7439	24	1263
7440	24	1147
7441	24	1252
7442	24	58
7443	24	331
7444	24	203
7445	24	245
7446	24	923
7447	24	314
7448	24	491
7449	24	105
7450	24	387
7451	24	1336
7452	24	1070
7453	24	835
7454	24	1158
7455	24	582
7456	24	395
7457	24	900
7458	24	1074
7459	24	957
7460	25	186
7461	25	70
7462	25	1241
7463	25	1252
7464	25	43
7465	25	111
7466	25	69
7467	25	150
7468	25	401
7469	25	10
7470	25	38
7471	25	18
7472	25	25
7473	25	980
7474	25	552
7475	25	404
7476	25	114
7477	25	16
7478	25	544
7479	25	110
7480	25	1253
7481	25	450
7482	25	812
7483	25	399
7484	25	917
7485	25	133
7486	25	27
7487	25	1156
7488	25	956
7489	25	279
7490	25	1086
7491	25	11
7492	25	276
7493	25	1224
7494	25	1005
7495	25	1235
7496	25	82
7497	25	996
7498	25	986
7499	25	320
7500	25	32
7501	25	1254
7502	25	1227
7503	25	5
7504	25	19
7505	25	379
7506	25	679
7507	25	1229
7508	25	290
7509	25	50
7510	25	1000
7511	25	871
7512	25	575
7513	25	736
7514	25	1220
7515	25	925
7516	25	1255
7517	25	83
7518	25	1225
7519	25	413
7520	25	1256
7521	25	1249
7522	25	642
7523	25	53
7524	25	343
7525	25	138
7526	25	469
7527	25	1257
7528	25	1258
7529	25	1259
7530	25	129
7531	25	17
7532	25	357
7533	25	65
7534	25	1166
7535	25	1148
7536	25	1222
7537	25	1260
7538	25	424
7539	25	48
7540	25	913
7541	25	742
7542	25	505
7543	25	86
7544	25	884
7545	25	1016
7546	25	7
7547	25	144
7548	25	975
7549	25	67
7550	25	94
7551	25	1
7552	25	139
7553	25	952
7554	25	1261
7555	25	255
7556	25	1102
7557	25	520
7558	25	950
7559	25	173
7560	25	966
7561	25	135
7562	25	6
7563	25	676
7564	25	121
7565	25	381
7566	25	77
7567	25	436
7568	25	105
7569	25	155
7570	25	869
7571	25	1096
7572	25	696
7573	25	856
7574	25	196
7575	25	175
7576	25	547
7577	25	269
7578	25	828
7579	25	883
7580	25	977
7581	25	1240
7582	25	1219
7583	25	988
7584	25	470
7585	25	146
7586	25	20
7587	25	116
7588	25	1042
7589	25	461
7590	25	1063
7591	25	981
7592	25	810
7593	25	937
7594	25	809
7595	25	181
7596	25	695
7597	25	178
7598	25	744
7599	25	1287
7600	25	735
7601	25	1173
7602	25	140
7603	25	73
7604	25	74
7605	25	1236
7606	25	254
7607	25	769
7608	25	216
7609	25	698
7610	25	385
7611	25	717
7612	25	206
7613	25	314
7614	25	559
7615	25	22
7616	25	174
7617	25	294
7618	25	55
7619	25	1288
7620	25	56
7621	25	687
7622	25	64
7623	25	522
7624	25	466
7625	25	41
7626	25	770
7627	25	66
7628	25	63
7629	25	615
7630	25	345
7631	25	1212
7632	25	1147
7633	25	72
7634	25	143
7635	25	442
7636	25	234
7637	25	467
7638	25	1221
7639	25	51
7640	25	1250
7641	25	28
7642	25	374
7643	25	515
7644	25	54
7645	25	219
7646	25	1100
7647	25	831
7648	25	1242
7649	25	351
7650	25	1238
7651	25	1319
7652	25	1265
7653	25	690
7654	25	285
7655	25	772
7656	25	1144
7657	25	220
7658	25	691
7659	25	104
7660	25	1308
7661	25	1262
7662	25	157
7663	25	75
7664	25	391
7665	25	1282
7666	25	1320
7667	25	777
7668	25	721
7669	25	398
7670	25	414
7671	25	46
7672	25	47
7673	25	1087
7674	25	148
7675	25	1321
7676	25	87
7677	25	649
7678	25	323
7679	25	96
7680	25	334
7681	25	1322
7682	25	594
7683	25	39
7684	25	832
7685	25	1247
7686	25	718
7687	25	202
7688	25	978
7689	25	585
7690	25	231
7691	25	1266
7692	25	1323
7693	25	81
7694	25	136
7695	25	8
7696	25	76
7697	25	787
7698	25	1324
7699	25	208
7700	25	1296
7701	25	156
7702	25	1325
7703	25	864
7704	25	227
7705	25	963
7706	25	1097
7707	25	437
7708	25	162
7709	25	433
7710	25	1044
7711	25	705
7712	25	1120
7713	25	872
7714	25	478
7715	25	1276
7716	25	33
7717	25	2
7718	25	107
7719	25	268
7720	25	267
7721	25	159
7722	25	228
7723	25	971
7724	25	477
7725	25	463
7726	25	740
7727	25	289
7728	25	134
7729	25	953
7730	25	637
7731	25	352
7732	25	1180
7733	25	1326
7734	25	1327
7735	25	1328
7736	25	1181
7737	25	1175
7738	25	93
7739	25	1226
7740	25	1329
7741	25	132
7742	25	182
7743	25	85
7744	25	247
7745	25	99
7746	25	1190
7747	25	1137
7748	25	826
7749	25	500
7750	25	1074
7751	25	902
7752	25	1141
7753	25	1330
7754	25	1070
7755	25	1331
7756	25	341
7757	25	1332
7758	25	1209
7759	25	78
7760	25	142
7761	25	21
7762	25	1333
7763	25	535
7764	25	800
7765	25	940
7766	25	387
7767	25	204
7768	25	1289
7769	25	852
7770	25	1170
7771	25	302
7772	25	972
7773	25	1334
7774	25	570
7775	25	209
7776	25	816
7777	25	969
7778	25	490
7779	25	814
7780	25	686
7781	25	613
7782	25	102
7783	25	456
7784	25	36
7785	25	251
7786	25	425
7787	25	609
7788	25	897
7789	25	904
7790	25	292
7791	25	811
7792	25	495
7793	25	327
7794	25	597
7795	25	1267
7796	25	384
7797	25	382
7798	25	58
7799	25	79
7800	25	61
7801	25	1358
7802	25	789
7803	25	449
7804	25	600
7805	25	1029
7806	25	465
7807	25	616
7808	25	280
7809	25	1359
7810	25	360
7811	25	1230
7812	25	1273
7813	25	1360
7814	25	933
7815	25	149
7816	25	468
7817	25	203
7818	25	558
7819	25	333
7820	25	1094
7821	25	98
7822	25	551
7823	25	655
7824	25	122
7825	25	1093
7826	25	526
7827	25	987
7828	25	778
7829	25	1277
7830	25	430
7831	25	125
7832	26	70
7833	26	227
7834	26	51
7835	26	547
7836	26	186
7837	26	980
7838	26	43
7839	26	597
7840	26	314
7841	26	110
7842	26	121
7843	26	642
7844	26	684
7845	26	1166
7846	26	69
7847	26	98
7848	26	404
7849	26	724
7850	26	673
7851	26	695
7852	26	219
7853	26	239
7854	26	466
7855	26	817
7856	26	360
7857	26	613
7858	26	381
7859	26	341
7860	26	1019
7861	26	917
7862	26	624
7863	26	544
7864	26	41
7865	26	206
7866	26	333
7867	26	94
7868	26	111
7869	26	1063
7870	26	1250
7871	26	864
7872	26	66
7873	26	1247
7874	26	320
7875	26	132
7876	26	1220
7877	26	155
7878	26	1262
7879	26	28
7880	26	357
7881	26	38
7882	26	86
7883	26	543
7884	26	55
7885	26	921
7886	26	50
7887	26	856
7888	26	398
7889	26	294
7890	26	884
7891	26	753
7892	26	150
7893	26	505
7894	26	173
7895	26	941
7896	26	470
7897	26	467
7898	26	161
7899	26	73
7900	26	1169
7901	26	655
7902	26	345
7903	26	175
7904	26	528
7905	26	1038
7906	26	112
7907	26	32
7908	26	611
7909	26	16
7910	26	828
7911	26	1263
7912	26	91
7913	26	776
7914	26	442
7915	26	18
7916	26	1016
7917	26	11
7918	26	824
7919	26	450
7920	26	42
7921	26	399
7922	26	552
7923	26	105
7924	26	182
7925	26	904
7926	26	1212
7927	26	358
7928	26	1264
7929	26	425
7930	26	53
7931	26	401
7932	26	342
7933	26	231
7934	26	434
7935	26	445
7936	26	782
7937	26	17
7938	26	385
7939	26	1243
7940	26	117
7941	26	1
7942	26	10
7943	26	713
7944	26	873
7945	26	650
7946	26	754
7947	26	711
7948	26	144
7949	26	414
7950	26	54
7951	26	1042
7952	26	258
7953	26	816
7954	26	1100
7955	26	698
7956	26	1156
7957	26	129
7958	26	993
7959	26	2
7960	26	975
7961	26	234
7962	26	1074
7963	26	104
7964	26	395
7965	26	883
7966	26	576
7967	26	672
7968	26	211
7969	26	1226
7970	26	247
7971	26	742
7972	26	795
7973	26	331
7974	26	351
7975	26	19
7976	26	409
7977	26	768
7978	26	255
7979	26	138
7980	26	691
7981	26	1297
7982	26	15
7983	26	5
7984	26	1273
7985	26	369
7986	26	671
7987	26	293
7988	26	179
7989	26	146
7990	26	1029
7991	26	540
7992	26	39
7993	26	181
7994	26	637
7995	26	789
7996	26	618
7997	26	379
7998	26	298
7999	26	279
8000	26	446
8001	26	913
8002	26	96
8003	26	1102
8004	26	1181
8005	26	1285
8006	26	641
8007	26	790
8008	26	1128
8009	26	461
8010	26	909
8011	26	244
8012	26	987
8013	26	426
8014	26	21
8015	26	796
8016	26	3
8017	26	364
8018	26	422
8019	26	629
8020	26	242
8021	26	49
8022	26	114
8023	26	191
8024	26	147
8025	26	180
8026	26	56
8027	26	156
8028	26	40
8029	26	515
8030	26	77
8031	26	72
8032	26	6
8033	26	525
8034	26	956
8035	26	766
8036	26	570
8037	26	65
8038	26	1087
8039	26	113
8040	26	377
8041	26	12
8042	26	1043
8043	26	25
8044	26	143
8045	26	22
8046	26	20
8047	26	1252
8048	26	1253
8049	26	1235
8050	26	981
8051	26	1300
8052	26	676
8053	26	126
8054	26	139
8055	26	744
8056	26	950
8057	26	430
8058	26	1306
8059	26	750
8060	26	135
8061	26	1018
8062	26	770
8063	26	1335
8064	26	235
8065	26	315
8066	26	246
8067	26	843
8068	26	1236
8069	26	81
8070	26	228
8071	26	564
8072	26	116
8073	26	202
8074	26	85
8075	26	595
8076	26	477
8077	26	622
8078	26	1336
8079	26	833
8080	26	301
8081	26	122
8082	26	1248
8083	26	1334
8084	26	986
8085	26	608
8086	26	494
8087	26	699
8088	26	14
8089	26	1141
8090	26	468
8091	26	1222
8092	26	375
8093	26	463
8094	26	46
8095	26	539
8096	26	8
8097	26	159
8098	26	302
8099	26	412
8100	26	149
8101	26	102
8102	26	460
8103	26	1363
8104	26	966
8105	26	748
8106	26	151
8107	26	167
8108	26	1313
8109	26	83
8110	26	692
8111	26	428
8112	26	607
8113	26	457
8114	26	512
8115	26	1269
8116	26	310
8117	26	283
8118	26	145
8119	26	895
8120	26	254
8121	26	245
8122	27	463
8123	27	917
8124	27	613
8125	27	956
8126	27	66
8127	27	186
8128	27	70
8129	27	54
8130	27	69
8131	27	219
8132	27	174
8133	27	95
8134	27	41
8135	27	77
8136	27	129
8137	27	286
8138	27	1252
8139	27	53
8140	27	144
8141	27	50
8142	27	139
8143	27	17
8144	27	156
8145	27	96
8146	27	18
8147	27	12
8148	27	8
8149	27	55
8150	27	753
8151	27	1265
8152	27	597
8153	27	828
8154	27	888
8155	27	206
8156	27	379
8157	27	133
8158	27	952
8159	27	85
8160	27	467
8161	27	244
8162	27	438
8163	27	695
8164	27	234
8165	27	699
8166	27	280
8167	27	83
8168	27	688
8169	27	1156
8170	27	102
8171	27	404
8172	27	1266
8173	27	510
8174	27	867
8175	27	34
8176	27	296
8177	27	7
8178	27	401
8179	27	795
8180	27	407
8181	27	122
8182	27	284
8183	27	742
8184	27	1267
8185	27	775
8186	27	48
8187	27	705
8188	27	166
8189	27	544
8190	27	56
8191	27	586
8192	27	1118
8193	27	290
8194	27	87
8195	27	554
8196	27	806
8197	27	322
8198	27	994
8199	27	815
8200	27	816
8201	27	1203
8202	27	1226
8203	27	442
8204	27	515
8205	27	36
8206	27	43
8207	27	120
8208	27	171
8209	27	59
8210	27	19
8211	27	686
8212	27	790
8213	27	808
8214	27	883
8215	27	91
8216	27	1100
8217	27	684
8218	27	1268
8219	27	143
8220	27	1105
8221	27	35
8222	27	75
8223	27	310
8224	27	182
8225	27	933
8226	27	943
8227	27	1038
8228	27	352
8229	27	38
8230	27	698
8231	27	181
8232	27	996
8233	27	251
8234	27	250
8235	27	866
8236	27	748
8237	27	446
8238	27	447
8239	27	759
8240	27	382
8241	27	276
8242	27	846
8243	27	1081
8244	27	86
8245	27	175
8246	27	31
8247	27	1074
8248	27	980
8249	27	831
8250	27	292
8251	27	333
8252	27	398
8253	27	1222
8254	27	676
8255	27	231
8256	27	377
8257	27	126
8258	27	1119
8259	27	624
8260	27	247
8261	27	532
8262	27	4
8263	27	228
8264	27	594
8265	27	1269
8266	27	414
8267	27	971
8268	27	388
8269	27	30
8270	27	897
8271	27	1002
8272	27	539
8273	27	331
8274	27	1270
8275	27	32
8276	27	975
8277	27	1212
8278	27	79
8279	27	161
8280	27	1202
8281	27	1005
8282	27	737
8283	27	445
8284	27	451
8285	27	131
8286	27	1271
8287	27	1112
8288	27	92
8289	27	465
8290	27	46
8291	27	293
8292	27	687
8293	27	673
8294	27	625
8295	27	505
8296	27	651
8297	27	1190
8298	27	1134
8299	27	327
8300	27	114
8301	27	872
8302	27	925
8303	27	730
8304	27	279
8305	27	25
8306	27	6
8307	27	326
8308	27	449
8309	27	786
8310	27	116
8311	27	155
8312	27	538
8313	27	138
8314	27	140
8315	27	150
8316	27	371
8317	27	201
8318	27	61
8319	27	314
8320	27	104
8321	27	1042
8322	27	221
8323	27	306
8324	27	1084
8325	27	568
8326	27	93
8327	27	298
8328	27	117
8329	27	444
8330	27	907
8331	27	464
8332	27	1
8333	27	10
8334	27	1263
8335	27	121
8336	27	232
8337	27	1095
8338	27	318
8339	27	556
8340	27	211
8341	27	1219
8342	27	242
8343	27	664
8344	27	642
8345	27	39
8346	27	713
8347	27	135
8348	27	1243
8349	27	111
8350	27	741
8351	27	274
8352	27	381
8353	27	283
8354	27	1242
8355	27	90
8356	27	536
8357	27	261
8358	27	627
8359	27	512
8360	27	64
8361	27	88
8362	27	1239
8363	27	58
8364	27	648
8365	27	5
8366	27	137
8367	27	49
8368	27	78
8369	27	422
8370	27	1211
8371	27	732
8372	27	585
8373	27	1224
8374	27	252
8375	27	1233
8376	27	253
8377	27	1250
8378	27	873
8379	27	107
8380	27	671
8381	27	618
8382	27	21
8383	27	2
8384	27	751
8385	27	308
8386	27	507
8387	27	770
8388	27	356
8389	27	913
8390	27	316
8391	27	993
8392	27	52
8393	27	540
8394	27	430
8395	27	923
8396	27	426
8397	27	227
8398	27	1272
8399	27	72
8400	27	187
8401	27	1273
8402	27	1274
8403	27	360
8404	27	302
8405	27	236
8406	27	1126
8407	27	106
8408	27	1220
8409	27	541
8410	27	802
8411	27	1241
8412	27	997
8413	27	552
8414	27	68
8415	27	611
8416	27	127
8417	27	650
8418	27	1275
8419	27	756
8420	27	766
8421	27	294
8422	27	984
8423	27	235
8424	27	160
8425	27	1248
8426	27	937
8427	27	735
8428	27	1276
8429	27	711
8430	27	402
8431	27	1277
8432	27	105
8433	27	386
8434	27	547
8435	27	239
8436	27	528
8437	27	691
8438	27	342
8439	27	9
8440	27	1149
8441	27	905
8442	27	1229
8443	27	1236
8444	27	190
8445	27	29
8446	27	981
8447	27	1278
8448	27	336
8449	27	98
8450	27	1073
8451	27	657
8452	27	220
8453	27	470
8454	27	40
8455	27	20
8456	27	1279
8457	27	1280
8458	27	986
8459	27	950
8460	27	170
8461	27	1281
8462	27	909
8463	27	343
8464	27	1227
8465	27	525
8466	27	1221
8467	27	81
8468	27	1282
8469	27	142
8470	27	516
8471	27	518
8472	27	456
8473	27	1283
8474	27	977
8475	27	375
8476	27	727
8477	27	1337
8478	27	779
8479	27	1101
8480	27	904
8481	27	887
8482	27	413
8483	27	1069
8484	27	320
8485	27	658
8486	27	301
8487	27	483
8488	27	494
8489	27	1175
8490	27	466
8491	27	197
8492	27	1338
8493	27	395
8494	27	1339
8495	27	1340
8496	27	262
8497	27	99
8498	27	1147
8499	27	835
8500	27	207
8501	27	410
8502	27	15
8503	27	637
8504	27	357
8505	27	797
8506	27	665
8507	27	370
8508	27	267
8509	27	506
8510	27	204
8511	27	387
8512	27	587
8513	27	134
8514	27	837
8515	27	1341
8516	27	1342
8517	27	492
8518	27	749
8519	27	462
8520	27	1321
8521	27	147
8522	27	380
8523	27	1343
8524	27	1007
8525	27	193
8526	27	773
8527	27	924
8528	27	1344
8529	27	265
8530	27	880
8531	27	864
8532	27	149
8533	27	460
8534	27	1114
8535	27	823
8536	27	668
8537	27	249
8538	27	1013
8539	27	717
8540	27	616
8541	27	826
8542	27	600
8543	27	489
8544	27	670
8545	27	1148
8546	27	469
8547	27	255
8548	27	1197
8549	27	595
8550	27	1295
8551	27	509
8552	27	1166
8553	27	477
8554	27	334
8555	27	94
8556	27	666
8557	27	810
8558	27	3
8559	27	916
8560	27	1345
8561	27	345
8562	27	1021
8563	27	644
8564	27	1290
8565	27	995
8566	27	1158
8567	27	782
8568	27	408
8569	27	366
8570	27	1346
8571	27	218
8572	27	399
8573	27	978
8574	27	1325
8575	27	153
8576	27	163
8577	27	561
8578	27	384
8579	27	136
8580	27	1159
8581	27	1133
8582	27	1347
8583	27	818
8584	27	860
8585	27	429
8586	27	598
8587	27	432
8588	27	701
8589	27	486
8590	27	1293
8591	27	635
8592	27	576
8593	27	848
8594	27	1124
8595	27	1296
8596	27	1172
8597	27	125
8598	27	225
8599	27	744
8600	27	332
8601	27	119
8602	27	900
8603	27	548
8604	27	877
8605	27	97
8606	27	369
8607	27	248
8608	27	661
8609	27	33
8610	27	881
8611	27	63
8612	27	660
8613	27	564
8614	27	602
8615	27	1348
8616	27	112
8617	27	146
8618	27	22
8619	27	789
8620	27	569
8621	27	113
8622	27	946
8623	27	1063
8624	27	1196
8625	27	154
8626	27	1349
8627	27	1350
8628	27	628
8629	27	1170
8630	27	315
8631	27	256
8632	27	854
8633	27	1351
8634	27	999
8635	27	271
8636	27	243
8637	27	1143
8638	27	130
8639	27	987
8640	27	132
8641	27	42
8642	27	246
8643	27	1352
8644	27	769
8645	27	582
8646	27	822
8647	27	1035
8648	27	615
8649	27	1048
8650	27	110
8651	27	270
8652	27	719
8653	27	915
8654	27	157
8655	27	60
8656	27	1028
8657	27	771
8658	27	721
8659	27	1353
8660	27	208
8661	27	979
8662	27	1354
8663	27	1152
8664	27	608
8665	27	1167
8666	27	681
8667	27	1086
8668	27	1039
8669	27	957
8670	27	622
8671	27	963
8672	27	391
8673	27	1235
8674	27	1141
8675	27	167
8676	27	1306
8677	27	726
8678	27	785
8679	27	706
8680	27	1355
8681	27	832
8682	27	434
8683	27	921
8684	27	964
8685	27	800
8686	27	376
8687	27	173
8688	27	819
8689	27	593
8690	27	1333
8691	27	754
8692	27	145
8693	27	679
8694	27	811
8695	27	1300
8696	27	988
8697	27	1016
8698	27	223
8699	27	1311
8700	27	1356
8701	27	1314
8702	27	1302
8703	27	1169
8704	27	1232
8705	27	1357
8706	27	118
8707	27	571
8708	27	724
8709	27	281
8710	27	1288
8711	27	763
8712	27	734
8713	27	216
8714	27	1247
8715	27	803
8716	28	789
8717	28	535
8718	28	138
8719	28	186
8720	28	279
8721	28	20
8722	28	691
8723	28	430
8724	28	382
8725	28	76
8726	28	17
8727	28	548
8728	28	557
8729	28	78
8730	28	1364
8731	28	1057
8732	28	870
8733	28	1303
8734	28	50
8735	28	1365
8736	28	771
8737	28	1366
8738	28	1367
8739	28	159
8740	28	117
8741	28	876
8742	28	1276
8743	28	173
8744	28	1175
8745	28	156
8746	28	43
8747	28	38
8748	28	585
8749	28	962
8750	28	1315
8751	28	1181
8752	28	1097
8753	28	381
8754	28	1289
8755	28	801
8756	28	1265
8757	28	58
8758	28	980
8759	28	434
8760	28	87
8761	28	33
8762	28	1368
8763	28	898
8764	28	69
8765	28	110
8766	28	1369
8767	28	828
8768	28	135
8769	28	461
8770	28	54
8771	28	219
8772	28	323
8773	28	520
8774	28	70
8775	28	1143
8776	28	19
8777	28	1274
8778	28	901
8779	28	956
8780	28	91
8781	28	1317
8782	28	515
8783	28	1086
8784	28	698
8785	28	94
8786	28	387
8787	28	342
8788	28	477
8789	28	650
8790	28	12
8791	28	1370
8792	28	92
8793	28	255
8794	28	157
8795	28	686
8796	28	51
8797	28	283
8798	28	344
8799	28	206
8800	28	826
8801	28	370
8802	28	850
8803	28	1042
8804	28	416
8805	28	437
8806	28	81
8807	28	617
8808	28	664
8809	28	1243
8810	28	246
8811	28	166
8812	28	916
8813	28	627
8814	28	552
8815	28	119
8816	28	324
8817	28	113
8818	28	189
8819	28	1358
8820	28	1301
8821	28	567
8822	28	399
8823	28	1038
8824	28	1110
8825	28	872
8826	28	1
8827	28	10
8828	28	5
8829	28	495
8830	28	637
8831	28	937
8832	28	125
8833	28	446
8834	28	827
8835	28	1371
8836	28	556
8837	28	1031
8838	28	503
8839	28	1123
8840	28	992
8841	28	32
8842	28	413
8843	28	129
8844	28	34
8845	28	735
8846	28	192
8847	28	981
8848	28	1235
8849	28	412
8850	28	164
8851	28	357
8852	28	642
8853	28	570
8854	28	35
8855	28	122
8856	28	1236
8857	28	64
8858	28	133
8859	28	544
8860	28	6
8861	28	126
8862	28	30
8863	28	975
8864	28	1372
8865	28	1005
8866	28	987
8867	28	65
8868	28	950
8869	28	524
8870	28	466
8871	28	111
8872	28	995
8873	28	1220
8874	28	261
8875	28	229
8876	28	2
8877	28	1222
8878	28	144
8879	28	832
8880	28	121
8881	28	139
8882	28	1043
8883	28	251
8884	28	55
8885	28	231
8886	28	326
8887	28	320
8888	28	227
8889	28	262
8890	28	27
8891	28	36
8892	28	314
8893	28	841
8894	28	49
8895	28	978
8896	28	377
8897	28	83
8898	28	1017
8899	28	424
8900	28	597
8901	28	4
8902	28	1004
8903	28	1024
8904	28	106
8905	28	175
8906	28	469
8907	28	1120
8908	28	525
8909	28	16
8910	28	883
8911	28	864
8912	28	478
8913	28	7
8914	28	465
8915	28	768
8916	28	308
8917	28	505
8918	28	394
8919	28	316
8920	28	414
8921	28	181
8922	28	748
8923	28	763
8924	28	155
8925	28	809
8926	28	442
8927	28	11
8928	28	1102
8929	28	810
8930	28	29
8931	28	554
8932	28	705
8933	28	454
8934	28	31
8935	28	352
8936	28	252
8937	28	334
8938	28	806
8939	28	1177
8940	28	490
8941	28	682
8942	28	1185
8943	28	775
8944	28	959
8945	28	588
8946	28	105
8947	28	474
8948	28	410
8949	28	1270
8950	28	3
8951	28	120
8952	28	913
8953	28	331
8954	28	1025
8955	28	1016
8956	28	695
8957	28	441
8958	28	358
8959	28	1247
8960	28	547
8961	28	817
8962	28	609
8963	28	52
8964	28	1257
8965	28	86
8966	28	1275
8967	28	71
8968	28	296
8969	28	75
8970	28	1326
8971	28	696
8972	28	871
8973	28	551
8974	28	41
8975	28	211
8976	28	467
8977	28	306
8978	28	791
8979	28	1028
8980	28	40
8981	28	797
8982	28	674
8983	28	766
8984	28	93
8985	28	1063
8986	28	247
8987	28	616
8988	28	790
8989	28	587
8990	28	1344
8991	28	769
8992	28	8
8993	28	234
8994	28	191
8995	28	102
8996	28	80
8997	28	1305
8998	28	391
8999	28	37
9000	28	1284
9001	28	398
9002	28	812
9003	28	1376
9004	28	142
9005	28	114
9006	28	379
9007	28	1137
9008	28	53
9009	28	1297
9010	28	969
9011	28	615
9012	28	1000
9013	28	1377
9014	28	360
9015	28	244
9016	28	1081
9017	28	216
9018	28	395
9019	28	154
9020	28	611
9021	28	722
9022	28	318
9023	28	99
9024	28	923
9025	28	39
9026	28	405
9027	28	757
9028	28	652
9029	28	79
9030	28	384
9031	28	897
9032	28	1226
9033	28	594
9034	28	455
9035	28	1029
9036	28	104
9037	28	586
9038	28	770
9039	28	1378
9040	28	134
9041	28	61
9042	28	445
9043	28	295
9044	28	630
9045	28	1074
9046	28	740
9047	28	977
9048	28	116
9049	28	693
9050	28	385
9051	28	917
9052	28	136
9053	28	228
9054	28	1379
9055	28	893
9056	28	971
9057	28	781
9058	29	1243
9059	29	186
9060	29	556
9061	29	55
9062	29	144
9063	29	828
9064	29	175
9065	29	50
9066	29	54
9067	29	146
9068	29	320
9069	29	5
9070	29	1102
9071	29	1373
9072	29	22
9073	29	525
9074	29	153
9075	29	38
9076	29	19
9077	29	585
9078	29	1110
9079	29	93
9080	29	279
9081	29	105
9082	29	248
9083	29	1374
9084	29	1095
9085	29	234
9086	29	8
9087	29	6
9088	29	75
9089	29	227
9090	29	461
9091	29	58
9092	29	31
9093	29	43
9094	29	206
9095	29	102
9096	29	29
9097	29	36
9098	29	616
9099	29	86
9100	29	120
9101	29	547
9102	29	413
9103	29	69
9104	29	1042
9105	29	898
9106	29	336
9107	29	1226
9108	29	4
9109	29	1086
9110	29	401
9111	29	404
9112	29	302
9113	29	223
9114	29	219
9115	29	691
9116	29	827
9117	29	104
9118	29	1228
9119	29	962
9120	29	844
9121	29	477
9122	29	70
9123	29	1262
9124	29	392
9125	29	456
9126	29	515
9127	29	1222
9128	29	17
9129	29	843
9130	29	399
9131	29	443
9132	29	136
9133	29	913
9134	29	1175
9135	29	812
9136	29	33
9137	29	129
9138	29	864
9139	29	135
9140	29	380
9141	29	3
9142	29	1275
9143	29	1375
9144	29	125
9145	29	466
9146	29	434
9147	29	426
9148	29	1204
9149	29	16
9150	29	686
9151	29	1296
9152	29	1248
9153	29	750
9154	29	13
9155	29	28
9156	29	1185
9157	29	505
9158	29	539
9159	29	316
9160	29	502
9161	29	126
9162	29	386
9163	29	377
9164	29	975
9165	29	283
9166	29	34
9167	29	11
9168	29	360
9169	29	274
9170	29	10
9171	29	21
9172	29	352
9173	29	489
9174	29	441
9175	29	814
9176	29	881
9177	29	387
9178	29	99
9179	29	1006
9180	29	1221
9181	29	139
9182	29	467
9183	29	871
9184	29	642
9185	29	782
9186	29	49
9187	29	138
9188	29	826
9189	29	319
9190	29	157
9191	29	1333
9192	29	597
9193	29	1371
9194	29	527
9195	29	980
9196	29	766
9197	29	65
9198	29	25
9199	29	18
9200	29	949
9201	29	314
9202	29	1074
9203	29	53
9204	29	116
9205	29	326
9206	29	552
9207	29	654
9208	29	41
9209	29	786
9210	29	665
9211	29	238
9212	29	342
9213	29	917
9214	29	76
9215	29	971
9216	29	1380
9217	29	1381
9218	29	442
9219	29	2
9220	29	670
9221	29	252
9222	29	1173
9223	29	81
9224	29	860
9225	29	586
9226	29	858
9227	29	445
9228	29	92
9229	29	280
9230	29	228
9231	29	178
9232	29	294
9233	29	391
9234	29	1382
9235	29	293
9236	29	74
9237	29	863
9238	29	462
9239	29	1383
9240	29	561
9241	29	1189
9242	29	253
9243	29	347
9244	29	972
9245	29	78
9246	29	26
9247	29	541
9248	29	1190
9249	29	119
9250	29	39
9251	29	584
9252	29	91
9253	29	310
9254	29	1384
9255	29	323
9256	29	106
9257	29	723
9258	29	696
9259	29	635
9260	29	666
9261	29	450
9262	29	611
9263	29	790
9264	29	331
9265	29	451
9266	29	1385
9267	29	872
9268	29	71
9269	29	1293
9270	29	469
9271	29	1004
9272	29	806
9273	29	23
9274	29	306
9275	29	375
9276	29	140
9277	29	1005
9278	29	1386
9279	29	40
9280	29	12
9281	29	1356
9282	29	1024
9283	29	94
9284	29	85
9285	29	998
9286	29	251
9287	29	124
9288	29	925
9289	29	512
9290	29	1266
9291	29	1247
9292	29	490
9293	29	1094
9294	29	465
9295	29	1319
9296	29	897
9297	29	1229
9298	29	986
9299	29	576
9300	29	430
9301	29	64
9302	29	115
9303	29	156
9304	29	1246
9305	29	163
9306	29	255
9307	29	32
9308	29	770
9309	29	783
9310	29	664
9311	29	150
9312	29	795
9313	29	574
9314	29	405
9315	29	884
9316	29	1267
9317	29	619
9318	29	719
9319	29	254
9320	29	977
9321	29	1370
9322	29	836
9323	29	388
9324	29	495
9325	29	359
9326	29	357
9327	29	425
9328	29	87
9329	29	134
9330	29	1230
9331	29	154
9332	29	945
9333	29	805
9334	29	269
9335	29	88
9336	29	1039
9337	29	20
9338	29	1387
9339	29	381
9340	29	7
9341	29	250
9342	29	693
9343	29	682
9344	30	789
9345	30	156
9346	30	528
9347	30	449
9348	30	734
9349	30	234
9350	30	102
9351	30	114
9352	30	55
9353	30	175
9354	30	1112
9355	30	28
9356	30	107
9357	30	128
9358	30	105
9359	30	39
9360	30	126
9361	30	33
9362	30	161
9363	30	117
9364	30	246
9365	30	483
9366	30	585
9367	30	30
9368	30	2
9369	30	31
9370	30	93
9371	30	916
9372	30	1029
9373	30	600
9374	30	360
9375	30	582
9376	30	326
9377	30	543
9378	30	1388
9379	30	120
9380	30	434
9381	30	106
9382	30	76
9383	30	495
9384	30	445
9385	30	782
9386	30	414
9387	30	235
9388	30	3
9389	30	211
9390	30	29
9391	30	1102
9392	30	219
9393	30	50
9394	30	347
9395	30	359
9396	30	140
9397	30	987
9398	30	1275
9399	30	1380
9400	30	863
9401	30	665
9402	30	515
9403	30	474
9404	30	446
9405	30	352
9406	30	461
9407	30	637
9408	30	251
9409	30	228
9410	30	221
9411	30	58
9412	30	181
9413	30	382
9414	30	744
9415	30	8
9416	30	964
9417	30	797
9418	30	1042
9419	30	763
9420	30	206
9421	30	552
9422	30	36
9423	30	557
9424	30	357
9425	30	131
9426	30	404
9427	30	280
9428	30	70
9429	30	507
9430	30	1315
9431	30	53
9432	30	627
9433	30	398
9434	30	149
9435	30	379
9436	30	450
9437	30	1309
9438	30	1389
9439	30	6
9440	30	594
9441	30	1303
9442	30	138
9443	30	145
9444	30	323
9445	30	157
9446	30	1065
9447	30	597
9448	30	609
9449	30	1025
9450	30	174
9451	30	472
9452	30	78
9453	30	771
9454	30	259
9455	30	41
9456	30	277
9457	30	238
9458	30	214
9459	30	790
9460	30	684
9461	30	69
9462	30	16
9463	30	686
9464	30	812
9465	30	132
9466	30	133
9467	30	399
9468	30	817
9469	30	342
9470	30	231
9471	30	71
9472	30	760
9473	30	166
9474	30	695
9475	30	642
9476	30	216
9477	30	1329
9478	30	683
9479	30	91
9480	30	121
9481	30	345
9482	30	327
9483	30	358
9484	30	111
9485	30	190
9486	30	388
9487	30	971
9488	30	261
9489	30	426
9490	30	832
9491	30	1390
9492	30	336
9493	30	1039
9494	30	12
9495	30	467
9496	30	375
9497	30	436
9498	30	441
9499	30	283
9500	30	410
9501	30	38
9502	30	49
9503	30	116
9504	30	516
9505	30	202
9506	30	933
9507	30	48
9508	30	237
9509	30	705
9510	30	315
9511	30	651
9512	30	298
9513	30	376
9514	30	405
9515	30	179
9516	30	401
9517	30	1190
9518	30	310
9519	30	314
9520	30	113
9521	30	1253
9522	30	1243
9523	30	477
9524	30	884
9525	30	63
9526	30	898
9527	30	333
9528	30	104
9529	30	769
9530	30	19
9531	30	87
9532	30	416
9533	30	1344
9534	30	698
9535	30	616
9536	30	1038
9537	30	554
9538	30	92
9539	30	1043
9540	30	1236
9541	30	155
9542	30	125
9543	30	748
9544	30	210
9545	30	370
9546	30	741
9547	30	465
9548	30	505
9549	30	269
9550	30	547
9551	30	791
9552	30	751
9553	30	1024
9554	30	544
9555	30	1108
9556	30	385
9557	30	17
9558	30	1381
9559	30	334
9560	30	318
9561	30	562
9562	30	1300
9563	30	134
9564	30	254
9565	30	5
9566	30	864
9567	30	1224
9568	30	749
9569	30	136
9570	30	37
9571	30	1246
9572	30	1276
9573	30	61
9574	30	79
9575	30	783
9576	30	99
9577	30	80
9578	30	1000
9579	30	776
9580	30	186
9581	30	51
9582	30	711
9583	30	18
9584	30	81
9585	30	930
9586	30	1021
9587	30	262
9588	30	331
9589	30	1219
9590	30	418
9591	30	937
9592	30	654
9593	30	153
9594	30	40
9595	30	86
9596	30	1040
9597	30	1391
9598	30	1156
9599	30	115
9600	30	753
9601	30	1250
9602	30	750
9603	30	538
9604	30	809
9605	30	735
9606	30	356
9607	30	98
9608	30	843
9609	30	1339
9610	30	1393
9611	30	442
9612	30	512
9613	30	1321
9614	30	617
9615	30	525
9616	30	146
9617	30	556
9618	30	430
9619	30	691
9620	30	682
9621	30	66
9622	30	611
9623	30	664
9624	30	870
9625	30	858
9626	30	1231
9627	30	1180
9628	30	806
9629	30	227
9630	30	180
9631	30	1394
9632	30	54
9633	30	894
9634	30	1217
9635	30	879
9636	30	1333
9637	30	957
9638	30	144
9639	30	1037
9640	30	353
9641	30	90
9642	30	279
9643	30	380
9644	30	1364
9645	30	823
9646	30	468
9647	30	816
9648	30	466
9649	30	154
9650	30	1052
9651	30	22
9652	30	902
9653	30	959
9654	30	798
9655	30	826
9656	30	43
9657	30	302
9658	30	243
9659	30	460
9660	30	931
9661	30	1235
9662	30	548
9663	30	822
9664	30	444
9665	30	338
9666	30	876
9667	30	168
9668	30	316
9669	30	247
9670	30	24
9671	30	1374
9672	30	1289
9673	30	1141
9674	30	913
9675	30	602
9676	30	674
9677	30	195
9678	30	619
9679	30	294
9680	30	1158
9681	30	384
9682	30	431
9683	30	96
9684	30	770
9685	30	25
9686	30	324
9687	30	535
9688	30	60
9689	30	658
9690	30	475
9691	30	1395
9692	30	612
9693	30	469
9694	30	835
9695	30	250
9696	30	981
9697	30	391
9698	30	34
9699	30	592
9700	30	975
9701	30	159
9702	30	178
9703	30	341
9704	30	320
9705	30	1143
9706	30	1396
9707	30	857
9708	30	75
9709	30	1294
9710	30	526
9711	30	696
9712	30	997
9713	30	1397
9714	30	56
9715	30	1006
9716	30	719
9717	30	737
9718	30	1296
9719	30	44
9720	30	657
9721	30	893
9722	30	110
9723	30	1398
9724	30	489
9725	30	827
9726	30	290
9727	30	1283
9728	30	588
9729	30	1049
9730	30	1094
9731	30	1004
9732	30	265
9733	30	1222
9734	30	840
9735	30	1265
9736	30	850
9737	30	1399
9738	30	129
9739	30	422
9740	30	4
9741	30	1400
9742	30	845
9743	30	1401
9744	30	949
9745	30	292
9746	30	371
9747	30	1079
9748	30	1
9749	30	568
9750	30	64
9751	30	1402
9752	30	368
9753	30	571
9754	30	1363
9755	30	868
9756	30	801
9757	30	917
9758	30	761
9759	30	818
9760	30	1066
9761	30	522
9762	30	962
9763	30	1095
9764	30	504
9765	30	757
9766	30	567
9767	30	10
9768	30	1403
9769	30	7
9770	30	756
9771	30	381
9772	30	1404
9773	30	42
9774	30	1379
9775	30	980
9776	30	1336
9777	30	785
9778	30	500
9779	30	945
9780	30	1269
9781	30	775
9782	30	271
9783	30	367
9784	30	1405
9785	30	454
9786	30	956
9787	30	539
9788	30	649
9789	30	1406
9790	30	1074
9791	30	350
9792	30	692
9793	30	1128
9794	30	1367
9795	30	648
9796	30	1192
9797	30	721
9798	30	1105
9799	30	579
9800	30	1407
9801	30	85
9802	30	1242
9803	30	478
9804	30	1008
9805	30	1408
9806	30	963
9807	30	521
9808	30	1059
9809	30	1233
9810	30	712
9811	30	433
9812	30	607
9813	30	346
9814	30	192
9815	30	1159
9816	30	1297
9817	30	1409
9818	30	463
9819	30	1366
9820	30	854
9821	30	1166
9822	30	147
9823	30	802
9824	30	270
9825	30	390
9826	30	152
9827	30	725
9828	30	954
9829	30	618
9830	30	584
9831	30	1168
9832	30	1073
9833	30	773
9834	30	413
9835	30	958
9836	30	537
9837	30	402
9838	30	21
9839	30	1278
9840	30	1410
9841	30	148
9842	30	88
9843	30	878
9844	30	278
9845	30	1093
9846	30	13
9847	30	187
9848	31	186
9849	31	466
9850	31	262
9851	31	252
9852	31	806
9853	31	863
9854	31	151
9855	31	116
9856	31	120
9857	31	10
9858	31	308
9859	31	584
9860	31	1163
9861	31	412
9862	31	1297
9863	31	987
9864	31	454
9865	31	1293
9866	31	50
9867	31	192
9868	31	401
9869	31	478
9870	31	1233
9871	31	83
9872	31	58
9873	31	1156
9874	31	814
9875	31	975
9876	31	33
9877	31	692
9878	31	29
9879	31	1228
9880	31	428
9881	31	642
9882	31	251
9883	31	500
9884	31	157
9885	31	387
9886	31	811
9887	31	175
9888	31	626
9889	31	140
9890	31	39
9891	31	178
9892	31	450
9893	31	1276
9894	31	898
9895	31	153
9896	31	544
9897	31	1066
9898	31	970
9899	31	70
9900	31	17
9901	31	666
9902	31	293
9903	31	1100
9904	31	525
9905	31	216
9906	31	187
9907	31	977
9908	31	978
9909	31	1372
9910	31	1132
9911	31	1185
9912	31	9
9913	31	684
9914	31	465
9915	31	76
9916	31	144
9917	31	1043
9918	31	117
9919	31	1253
9920	31	844
9921	31	61
9922	31	261
9923	31	126
9924	31	585
9925	31	31
9926	31	693
9927	31	125
9928	31	130
9929	31	1234
9930	31	1086
9931	31	1214
9932	31	118
9933	31	156
9934	31	1062
9935	31	105
9936	31	688
9937	31	227
9938	31	269
9939	31	234
9940	31	1024
9941	31	5
9942	31	670
9943	31	87
9944	31	15
9945	31	1392
9946	31	71
9947	31	6
9948	31	1067
9949	31	515
9950	31	8
9951	31	357
9952	31	547
9953	31	864
9954	31	63
9955	31	331
9956	31	434
9957	31	92
9958	31	1242
9959	31	12
9960	31	414
9961	31	219
9962	31	210
9963	31	698
9964	31	44
9965	31	576
9966	31	320
9967	31	399
9968	31	49
9969	31	1122
9970	31	283
9971	31	586
9972	31	467
9973	31	246
9974	31	1243
9975	31	358
9976	31	54
9977	31	949
9978	31	103
9979	31	460
9980	31	315
9981	31	270
9982	31	461
9983	31	445
9984	31	3
9985	31	860
9986	31	1052
9987	31	138
9988	31	206
9989	31	370
9990	31	91
9991	31	398
9992	31	244
9993	31	691
9994	31	539
9995	31	21
9996	31	379
9997	31	391
9998	31	253
9999	31	1042
10000	31	652
10001	31	345
10002	31	38
10003	31	495
10004	31	228
10005	31	446
10006	31	267
10007	31	981
10008	31	444
10009	31	106
10010	31	1408
10011	31	13
10012	31	149
10013	31	1248
10014	31	34
10015	31	19
10016	31	866
10017	31	119
10018	31	114
10019	31	290
10020	31	20
10021	31	352
10022	31	280
10023	31	1166
10024	31	538
10025	31	36
10026	31	86
10027	31	1203
10028	31	556
10029	31	507
10030	31	128
10031	31	879
10032	31	627
10033	31	780
10034	31	1220
10035	31	870
10036	31	48
10037	31	1435
10038	31	1172
10039	31	22
10040	31	464
10041	31	706
10042	31	426
10043	31	442
10044	31	353
10045	31	933
10046	31	14
10047	31	763
10048	31	477
10049	31	1135
10050	31	665
10051	31	377
10052	31	432
10053	31	619
10054	31	1039
10055	31	749
10056	31	436
10057	31	562
10058	31	658
10059	31	868
10060	31	760
10061	31	75
10062	31	405
10063	31	775
10064	31	238
10065	31	871
10066	31	756
10067	31	102
10068	31	1397
10069	31	65
10070	31	790
10071	31	112
10072	32	110
10073	32	67
10074	32	1038
10075	32	1236
10076	32	376
10077	32	1224
10078	32	986
10079	32	1411
10080	32	720
10081	32	114
10082	32	76
10083	32	1042
10084	32	987
10085	32	1222
10086	32	139
10087	32	352
10088	32	156
10089	32	34
10090	32	92
10091	32	129
10092	32	75
10093	32	106
10094	32	806
10095	32	963
10096	32	1228
10097	32	33
10098	32	1100
10099	32	430
10100	32	70
10101	32	811
10102	32	153
10103	32	495
10104	32	186
10105	32	1293
10106	32	69
10107	32	43
10108	32	642
10109	32	461
10110	32	360
10111	32	138
10112	32	58
10113	32	18
10114	32	2
10115	32	55
10116	32	474
10117	32	1276
10118	32	159
10119	32	871
10120	32	1326
10121	32	850
10122	32	168
10123	32	88
10124	32	54
10125	32	102
10126	32	53
10127	32	414
10128	32	398
10129	32	11
10130	32	959
10131	32	977
10132	32	635
10133	32	594
10134	32	1412
10135	32	1029
10136	32	1413
10137	32	1375
10138	32	434
10139	32	930
10140	32	1414
10141	32	66
10142	32	750
10143	32	1021
10144	32	178
10145	32	99
10146	32	247
10147	32	133
10148	32	109
10149	32	1065
10150	32	844
10151	32	5
10152	32	826
10153	32	126
10154	32	883
10155	32	1373
10156	32	477
10157	32	585
10158	32	469
10159	32	1374
10160	32	125
10161	32	1415
10162	32	208
10163	32	118
10164	32	1043
10165	32	147
10166	32	31
10167	32	19
10168	32	21
10169	32	667
10170	32	50
10171	32	866
10172	32	316
10173	32	950
10174	32	306
10175	32	85
10176	32	696
10177	32	988
10178	32	787
10179	32	87
10180	32	10
10181	32	1185
10182	32	695
10183	32	664
10184	32	1243
10185	32	86
10186	32	791
10187	32	576
10188	32	611
10189	32	630
10190	32	37
10191	32	993
10192	32	736
10193	32	924
10194	32	975
10195	32	327
10196	32	1
10197	32	262
10198	32	341
10199	32	91
10200	32	729
10201	32	445
10202	32	64
10203	32	252
10204	32	40
10205	32	119
10206	32	563
10207	32	113
10208	32	699
10209	32	78
10210	32	1096
10211	32	1163
10212	32	1024
10213	32	12
10214	32	512
10215	32	1092
10216	32	39
10217	32	331
10218	32	280
10219	32	1156
10220	32	827
10221	32	465
10222	32	261
10223	32	6
10224	32	945
10225	32	377
10226	32	219
10227	32	627
10228	32	63
10229	32	682
10230	32	468
10231	32	357
10232	32	380
10233	32	676
10234	32	387
10235	32	323
10236	32	1416
10237	32	30
10238	32	785
10239	32	1417
10240	32	425
10241	32	864
10242	32	144
10243	32	81
10244	32	1008
10245	32	17
10246	32	863
10247	32	579
10248	32	1242
10249	32	478
10250	32	137
10251	32	818
10252	32	917
10253	32	391
10254	32	649
10255	32	858
10256	32	711
10257	32	1317
10258	32	94
10259	32	473
10260	32	1381
10261	32	691
10262	32	756
10263	32	833
10264	32	182
10265	32	175
10266	32	130
10267	32	121
10268	32	471
10269	32	868
10270	32	320
10271	32	150
10272	32	32
10273	32	698
10274	32	692
10275	32	1379
10276	32	253
10277	32	615
10278	32	1418
10279	32	234
10280	33	102
10281	33	186
10282	33	221
10283	33	55
10284	33	41
10285	33	790
10286	33	1222
10287	33	50
10288	33	465
10289	33	748
10290	33	194
10291	33	57
10292	33	1108
10293	33	976
10294	33	1112
10295	33	692
10296	33	2
10297	33	114
10298	33	1253
10299	33	817
10300	33	175
10301	33	1243
10302	33	19
10303	33	981
10304	33	376
10305	33	1248
10306	33	1110
10307	33	141
10308	33	993
10309	33	177
10310	33	256
10311	33	94
10312	33	190
10313	33	189
10314	33	38
10315	33	1401
10316	33	600
10317	33	364
10318	33	426
10319	33	610
10320	33	298
10321	33	576
10322	33	391
10323	33	252
10324	33	713
10325	33	1204
10326	33	627
10327	33	577
10328	33	36
10329	33	138
10330	33	219
10331	33	44
10332	33	360
10333	33	358
10334	33	296
10335	33	552
10336	33	597
10337	33	132
10338	33	753
10339	33	327
10340	33	196
10341	33	284
10342	33	181
10343	33	328
10344	33	399
10345	33	71
10346	33	483
10347	33	525
10348	33	120
10349	33	744
10350	33	70
10351	33	385
10352	33	828
10353	33	1307
10354	33	16
10355	33	171
10356	33	987
10357	33	1419
10358	33	1025
10359	33	522
10360	33	151
10361	33	17
10362	33	463
10363	33	595
10364	33	1420
10365	33	1212
10366	33	775
10367	33	768
10368	33	1371
10369	33	812
10370	33	13
10371	33	440
10372	33	7
10373	33	771
10374	33	34
10375	33	1379
10376	33	336
10377	33	130
10378	33	1313
10379	33	474
10380	33	381
10381	33	378
10382	33	414
10383	33	401
10384	33	969
10385	33	223
10386	33	566
10387	33	939
10388	33	1296
10389	33	107
10390	33	466
10391	33	179
10392	33	238
10393	33	810
10394	33	53
10395	33	54
10396	33	461
10397	33	91
10398	33	565
10399	33	182
10400	33	866
10401	33	671
10402	33	890
10403	33	814
10404	33	973
10405	33	436
10406	33	1159
10407	33	832
10408	33	539
10409	33	477
10410	33	886
10411	33	649
10412	33	808
10413	33	785
10414	33	109
10415	33	320
10416	33	3
10417	33	60
10418	33	1421
10419	33	680
10420	33	531
10421	33	698
10422	33	206
10423	33	294
10424	33	409
10425	33	366
10426	33	984
10427	33	1012
10428	33	342
10429	33	333
10430	33	433
10431	33	111
10432	33	701
10433	33	760
10434	33	867
10435	33	554
10436	33	516
10437	33	544
10438	33	6
10439	33	293
10440	33	98
10441	33	278
10442	33	203
10443	33	824
10444	33	1007
10445	33	731
10446	33	508
10447	33	487
10448	33	417
10449	33	331
10450	33	448
10451	33	1000
10452	33	819
10453	33	1036
10454	33	231
10455	33	314
10456	33	809
10457	33	410
10458	33	816
10459	33	559
10460	33	971
10461	33	228
10462	33	686
10463	33	654
10464	33	561
10465	33	251
10466	33	567
10467	33	267
10468	33	674
10469	33	112
10470	33	352
10471	33	375
10472	33	133
10473	33	52
10474	33	404
10475	33	289
10476	33	751
10477	33	1042
10478	33	31
10479	33	29
10480	33	308
10481	33	944
10482	33	431
10483	33	324
10484	33	438
10485	33	450
10486	33	64
10487	33	18
10488	33	78
10489	33	1084
10490	33	619
10491	33	528
10492	33	1422
10493	33	110
10494	33	126
10495	33	1423
10496	33	261
10497	33	1424
10498	33	684
10499	33	43
10500	33	736
10501	33	418
10502	33	105
10503	33	687
10504	33	888
10505	33	150
10506	33	795
10507	33	634
10508	33	496
10509	33	174
10510	33	665
10511	33	1236
10512	33	197
10513	33	664
10514	33	11
10515	33	8
10516	33	191
10517	33	59
10518	33	5
10519	33	235
10520	33	247
10521	33	137
10522	33	558
10523	33	857
10524	33	904
10525	33	113
10526	33	844
10527	33	243
10528	33	931
10529	33	292
10530	33	1268
10531	33	343
10532	33	545
10533	33	269
10534	33	4
10535	33	447
10536	33	467
10537	33	1041
10538	33	268
10539	33	1008
10540	33	1272
10541	33	202
10542	33	1032
10543	33	210
10544	33	507
10545	33	502
10546	33	658
10547	33	407
10548	33	655
10549	33	51
10550	33	262
10551	33	255
10552	33	905
10553	33	1425
10554	33	1426
10555	33	1298
10556	33	1427
10557	33	700
10558	33	1428
10559	33	1116
10560	33	926
10561	33	176
10562	33	422
10563	33	121
10564	33	217
10565	33	212
10566	33	1020
10567	33	1429
10568	33	1430
10569	33	673
10570	33	117
10571	33	326
10572	33	445
10573	33	146
10574	33	884
10575	33	24
10576	33	578
10577	33	1431
10578	33	32
10579	33	801
10580	33	574
10581	33	846
10582	33	1141
10583	33	128
10584	33	211
10585	33	149
10586	33	895
10587	33	557
10588	33	586
10589	33	916
10590	33	454
10591	33	28
10592	33	384
10593	33	540
10594	33	140
10595	33	354
10596	33	302
10597	33	547
10598	33	49
10599	33	708
10600	33	351
10601	33	1063
10602	33	22
10603	33	737
10604	33	1176
10605	33	909
10606	33	520
10607	33	1073
10608	33	65
10609	33	1068
10610	33	1432
10611	33	880
10612	33	1433
10613	33	166
10614	33	506
10615	33	1100
10616	33	613
10617	33	106
10618	33	1278
10619	33	449
10620	33	1124
10621	33	1162
10622	33	97
10623	33	393
10624	33	792
10625	33	81
10626	33	321
10627	33	1434
10628	33	966
10629	33	1065
10630	33	283
10631	33	898
10632	33	1367
10633	33	766
10634	33	35
10635	33	398
10636	33	96
10637	33	778
10638	33	1289
10639	33	48
10640	33	749
10641	33	21
10642	33	543
10643	33	237
10644	33	612
10645	33	784
10646	33	192
10647	33	428
10648	33	1203
10649	33	695
10650	33	693
10651	33	345
10652	33	116
10653	33	864
10654	33	216
10655	33	741
10656	33	536
10657	33	977
10658	33	99
10659	33	20
10660	33	1074
10661	33	295
10662	33	588
10663	33	551
10664	33	357
10665	33	865
10666	33	469
10667	33	883
10668	33	69
10669	33	122
10670	33	135
10671	33	770
10672	33	27
10673	33	484
10674	33	887
10675	33	56
10676	33	406
10677	33	717
10678	33	1435
10679	33	1015
10680	33	1436
10681	33	340
10682	33	240
10683	33	286
10684	33	1362
10685	33	229
10686	33	836
10687	33	156
10688	33	949
10689	33	739
10690	33	1165
10691	33	341
10692	33	505
10693	33	691
10694	33	526
10695	33	161
10696	33	797
10697	33	950
10698	34	791
10699	34	971
10700	34	138
10701	34	652
10702	34	93
10703	34	512
10704	34	445
10705	34	898
10706	34	106
10707	34	168
10708	34	131
10709	34	30
10710	34	43
10711	34	216
10712	34	1215
10713	34	404
10714	34	467
10715	34	687
10716	34	698
10717	34	751
10718	34	280
10719	34	110
10720	34	174
10721	34	120
10722	34	515
10723	34	1381
10724	34	1289
10725	34	51
10726	34	135
10727	34	692
10728	34	219
10729	34	417
10730	34	151
10731	34	18
10732	34	1189
10733	34	444
10734	34	1102
10735	34	664
10736	34	1437
10737	34	186
10738	34	1248
10739	34	175
10740	34	1438
10741	34	298
10742	34	477
10743	34	888
10744	34	916
10745	34	1305
10746	34	1439
10747	34	235
10748	34	159
10749	34	19
10750	34	140
10751	34	978
10752	34	126
10753	34	6
10754	34	70
10755	34	776
10756	34	737
10757	34	388
10758	34	475
10759	34	547
10760	34	1272
10761	34	463
10762	34	619
10763	34	1212
10764	34	1435
10765	34	655
10766	34	268
10767	34	231
10768	34	890
10769	34	113
10770	34	359
10771	34	1440
10772	34	790
10773	34	544
10774	34	211
10775	34	102
10776	34	410
10777	34	686
10778	34	1021
10779	34	1143
10780	34	284
10781	34	1441
10782	34	117
10783	34	450
10784	34	526
10785	34	495
10786	34	382
10787	34	1333
10788	34	1442
10789	34	583
10790	34	782
10791	34	157
10792	34	178
10793	34	587
10794	34	1295
10795	34	1443
10796	34	238
10797	34	21
10798	34	1378
10799	34	627
10800	34	493
10801	34	941
10802	34	111
10803	34	756
10804	34	457
10805	34	2
10806	34	112
10807	34	1017
10808	34	156
10809	34	10
10810	34	5
10811	34	279
10812	34	1262
10813	34	465
10814	34	1243
10815	34	466
10816	34	29
10817	34	253
10818	34	412
10819	34	395
10820	34	22
10821	34	993
10822	34	491
10823	34	1398
10824	34	13
10825	34	38
10826	34	1133
10827	34	306
10828	34	53
10829	34	677
10830	34	357
10831	34	214
10832	34	643
10833	34	1444
10834	34	1263
10835	34	434
10836	34	880
10837	34	858
10838	34	1181
10839	34	518
10840	34	91
10841	34	1028
10842	34	414
10843	34	391
10844	34	336
10845	34	308
10846	34	206
10847	34	552
10848	34	116
10849	34	695
10850	34	1036
10851	34	250
10852	34	522
10853	34	1445
10854	34	508
10855	34	545
10856	34	1422
10857	34	447
10858	34	399
10859	34	502
10860	34	440
10861	34	708
10862	34	469
10863	34	327
10864	34	448
10865	34	36
10866	34	196
10867	34	129
10868	34	31
10869	34	7
10870	34	50
10871	34	61
10872	34	824
10873	34	360
10874	34	20
10875	34	122
10876	34	1379
10877	34	121
10878	34	133
10879	34	826
10880	34	654
10881	34	52
10882	34	132
10883	34	54
10884	34	676
10885	34	302
10886	34	980
10887	34	4
10888	34	351
10889	34	150
10890	34	917
10891	34	365
10892	34	9
10893	34	326
10894	34	72
10895	34	680
10896	34	1164
10897	34	724
10898	34	372
10899	34	352
10900	34	811
10901	34	1365
10902	34	291
10903	34	691
10904	34	735
10905	34	387
10906	34	1446
10907	34	245
10908	34	261
10909	34	976
10910	34	525
10911	34	1267
10912	34	1004
10913	34	1351
10914	34	240
10915	34	55
10916	34	146
10917	34	104
10918	34	251
10919	34	1296
10920	34	197
10921	34	1222
10922	34	1386
10923	34	1447
10924	34	509
10925	34	638
10926	34	1366
10927	34	437
10928	34	232
10929	34	1242
10930	34	650
10931	34	872
10932	34	378
10933	34	320
10934	34	28
10935	34	866
10936	34	74
10937	34	864
10938	34	1000
10939	34	204
10940	34	78
10941	34	57
10942	34	487
10943	34	528
10944	34	1108
10945	34	98
10946	34	812
10947	34	1165
10948	34	202
10949	34	962
10950	34	1173
10951	34	149
10952	34	1159
10953	34	1448
10954	34	182
10955	34	376
10956	34	76
10957	34	1449
10958	34	1450
10959	34	401
10960	34	294
10961	34	296
10962	34	385
10963	34	1424
10964	34	56
10965	34	748
10966	34	1451
10967	34	1057
10968	34	332
10969	34	267
10970	34	379
10971	34	1122
10972	34	969
10973	34	1452
10974	34	234
10975	34	897
10976	34	334
10977	34	41
10978	34	42
10979	34	119
10980	34	651
10981	34	415
10982	34	905
10983	34	180
10984	34	488
10985	34	318
10986	34	338
10987	34	193
10988	34	961
10989	34	307
10990	34	999
10991	34	557
10992	34	44
10993	34	567
10994	34	741
10995	34	998
10996	34	531
10997	34	1370
10998	34	986
10999	34	1040
11000	34	1453
11001	34	519
11002	34	1045
11003	34	380
11004	34	1454
11005	34	242
11006	34	1049
11007	34	818
11008	34	449
11009	34	416
11010	34	325
11011	34	71
11012	34	1270
11013	34	171
11014	34	115
11015	34	304
11016	34	828
11017	34	768
11018	34	1391
11019	34	1455
11020	34	778
11021	34	789
11022	34	124
11023	34	35
11024	34	101
11025	34	87
11026	34	670
11027	34	210
11028	34	819
11029	34	301
11030	34	358
11031	34	795
11032	34	561
11033	34	884
11034	34	809
11035	34	1086
11036	34	227
11037	34	105
11038	34	977
11039	34	975
11040	34	1236
11041	34	844
11042	34	1132
11043	34	262
11044	34	254
11045	34	341
11046	34	959
11047	34	1042
11048	34	34
11049	34	16
11050	34	713
11051	34	1278
11052	34	585
11053	34	147
11054	34	173
11055	34	94
11056	34	1456
11057	34	1015
11058	34	422
11059	34	1314
11060	34	1253
11061	34	75
11062	34	33
11063	34	1163
11064	34	64
11065	34	169
11066	34	17
11067	34	92
11068	34	1358
11069	34	1247
11070	34	192
11071	34	137
11072	34	11
11073	34	394
11074	34	600
11075	34	909
11076	34	99
11077	34	471
11078	34	413
11079	34	32
11080	34	753
11081	34	1120
11082	34	636
11083	34	1229
11084	34	406
11085	34	711
11086	34	814
11087	34	520
11088	34	1076
11089	34	1285
11090	34	73
11091	34	952
11092	34	161
11093	34	478
11094	34	454
11095	34	688
11096	34	987
11097	34	109
11098	34	1141
11099	34	769
11100	34	1043
11101	34	874
11102	34	757
11103	34	8
11104	34	1326
11105	34	1276
11106	34	1074
11107	34	248
11108	34	441
11109	34	1175
11110	34	125
11111	34	69
11112	34	40
11113	34	666
11114	34	1457
11115	34	1117
11116	34	255
11117	34	221
11118	34	81
11119	34	1458
11120	34	142
11121	34	342
11122	34	77
11123	34	130
11124	34	79
11125	34	551
11126	34	1024
11127	34	1459
11128	34	265
11129	34	1460
11130	34	1344
11131	34	63
11132	34	48
11133	34	377
11134	34	673
11135	34	739
11136	34	1
11137	34	461
11138	34	1026
11139	34	223
11140	34	25
11141	34	1226
11142	34	507
11143	34	426
11144	34	409
11145	34	1025
11146	34	616
11147	34	1093
11148	34	1204
11149	34	1389
11150	34	841
11151	34	27
11152	34	1461
11153	34	425
11154	34	442
11155	34	474
11156	34	144
11157	34	187
11158	34	86
11159	34	66
11160	34	246
11161	34	114
11162	34	58
11163	34	37
11164	34	867
11165	34	424
11166	34	637
11167	34	624
11168	34	1297
11169	34	139
11170	34	392
11171	34	1081
11172	34	190
11173	34	797
11174	34	83
