rowcode	selection	commodity
14999	47	492
15000	47	30
15001	47	278
15002	47	181
15003	47	1327
15004	47	186
15005	47	6
15006	47	695
15007	47	817
15008	47	1505
15009	47	71
15010	47	221
15011	47	1053
15012	47	150
15013	47	824
15014	47	562
15015	47	616
15016	47	643
15017	47	478
15018	47	70
15019	47	320
15020	47	21
15021	47	63
15022	47	79
15023	47	556
15024	47	18
15025	47	945
15026	47	691
15027	47	664
15028	47	424
15029	47	742
15030	47	56
15031	47	189
15032	47	552
15033	47	132
15034	47	761
15035	47	448
15036	47	588
15037	47	559
15038	47	819
15039	47	1506
15040	47	114
15041	47	204
15042	47	203
15043	47	876
15044	47	156
15045	47	654
15046	47	144
15047	47	57
15048	47	33
15049	47	902
15050	47	317
15051	47	246
15052	47	91
15053	47	102
15054	47	489
15055	47	36
15056	47	269
15057	47	48
15058	47	323
15059	47	749
15060	47	907
15061	47	180
15062	47	431
15063	47	459
15064	47	756
15065	47	863
15066	47	83
15067	47	106
15068	47	815
15069	47	76
15070	47	275
15071	47	116
15072	47	212
15073	47	286
15074	47	379
15075	47	43
15076	47	326
15077	47	39
15078	47	314
15079	47	884
15080	47	11
15081	47	41
15082	47	77
15083	47	1507
15084	47	7
15085	47	797
15086	47	296
15087	47	619
15088	47	531
15089	47	75
15090	47	393
15091	47	1508
15092	47	55
15093	47	1114
15094	47	228
15095	47	37
15096	47	191
15097	47	732
15098	47	87
15099	47	1156
15100	47	78
15101	47	145
15102	47	256
15103	47	1289
15104	47	432
15105	47	301
15106	47	1509
15107	47	950
15108	47	430
15109	47	344
15110	47	433
15111	47	894
15112	47	1510
15113	47	493
15114	47	25
15115	47	2
15116	47	725
15117	47	818
15118	47	284
15119	47	400
15120	47	506
15121	47	226
15122	47	674
15123	47	105
15124	47	1511
15125	47	1512
15126	47	126
15127	47	801
15128	47	585
15129	47	131
15130	47	511
15131	47	590
15132	47	294
15133	47	786
15134	47	257
15135	47	34
15136	47	196
15137	47	157
15138	47	111
15139	47	1164
15140	47	333
15141	47	17
15142	47	51
15143	47	744
15144	47	26
15145	47	231
15146	47	324
15147	47	1513
15148	47	357
15149	47	54
15150	47	826
15151	47	469
15152	47	343
15153	47	748
15154	47	1516
15155	47	373
15156	47	4
15157	47	1132
15158	47	495
15159	47	516
15160	47	138
15161	47	865
15162	47	174
15163	47	770
15164	47	175
15165	47	666
15166	47	1002
15167	47	235
15168	47	486
15169	47	538
15170	47	816
15171	47	936
15172	47	42
15173	47	1215
15174	47	698
15175	47	404
15176	47	361
15177	47	434
15178	47	65
15179	47	64
15180	47	329
15181	47	1209
15182	47	401
15183	47	813
15184	47	292
15185	47	146
15186	47	121
15187	47	388
15188	47	129
15189	47	832
15190	47	1303
15191	47	1065
15192	47	582
15193	47	247
15194	47	410
15195	47	800
15196	47	84
15197	47	941
15198	47	302
15199	47	1113
15200	47	161
15201	47	290
15202	47	468
15203	47	227
15204	47	821
15205	47	924
15206	47	216
15207	47	905
15208	47	349
15209	47	35
15210	47	593
15211	47	398
15212	47	836
15213	47	535
15214	47	447
15215	47	487
15216	47	890
15217	47	399
15218	47	59
15219	47	120
15220	47	254
15221	47	1180
15222	47	1163
15223	47	610
15224	47	686
15225	47	1530
15226	47	16
15227	47	101
15228	47	22
15229	47	109
15230	47	952
15231	47	944
15232	47	539
15233	47	774
15234	47	352
15235	47	528
15236	47	699
15237	47	452
15238	47	954
15239	47	1531
15240	47	81
15241	47	27
15242	47	1518
15243	47	8
15244	47	974
15245	47	1143
15246	47	1390
15247	47	937
15248	47	234
15249	47	814
15250	47	717
15251	47	1084
15252	47	870
15253	47	99
15254	47	276
15255	47	1010
15256	47	153
15257	47	29
15258	47	374
15259	47	477
15260	47	1442
15261	47	898
15262	47	1389
15263	47	670
15264	47	811
15265	47	1532
15266	47	166
15267	47	764
15268	47	281
15269	47	1041
15270	47	1120
15271	47	867
15272	47	463
15273	47	98
15274	47	995
15275	47	259
15276	47	591
15277	47	1072
15278	47	438
15279	47	366
15280	47	3
15281	47	1014
15282	47	1533
15283	47	1296
15284	47	835
15285	47	513
15286	47	838
15287	47	750
15288	47	1339
15289	47	1534
15290	47	199
15291	47	261
15292	47	1159
15293	47	280
15294	47	622
15295	47	334
15296	47	1217
15297	47	1519
15298	47	545
15299	47	1078
15300	47	1146
15301	47	179
15302	47	1070
15303	47	149
15304	47	1401
15305	47	646
15306	47	437
15307	47	1329
15308	47	888
15309	47	976
15310	47	1236
15311	47	15
15312	47	987
15313	47	118
15314	47	45
15315	47	66
15316	47	868
15317	47	14
15318	47	806
15319	47	1016
15320	47	860
15321	47	295
15322	47	391
15323	47	1367
15324	47	243
15325	47	190
15326	47	882
15327	47	947
15328	47	277
15329	47	626
15330	47	1334
15331	47	1049
15332	47	1333
15333	47	775
15334	47	812
15335	47	416
15336	47	316
15337	47	881
15338	47	450
15339	47	331
15340	47	309
15341	47	1535
15342	47	310
15343	47	360
15344	47	241
15345	47	330
15346	47	723
15347	47	848
15348	47	673
15349	47	219
15350	47	414
15351	47	597
15352	48	50
15353	48	445
15354	48	1514
15355	48	129
15356	48	111
15357	48	425
15358	48	878
15359	48	177
15360	48	221
15361	48	744
15362	48	1078
15363	48	255
15364	48	431
15365	48	1146
15366	48	138
15367	48	352
15368	48	756
15369	48	106
15370	48	56
15371	48	203
15372	48	495
15373	48	234
15374	48	344
15375	48	674
15376	48	917
15377	48	146
15378	48	381
15379	48	26
15380	48	585
15381	48	6
15382	48	70
15383	48	180
15384	48	156
15385	48	950
15386	48	33
15387	48	186
15388	48	324
15389	48	393
15390	48	174
15391	48	262
15392	48	292
15393	48	337
15394	48	643
15395	48	610
15396	48	34
15397	48	646
15398	48	907
15399	48	711
15400	48	642
15401	48	1165
15402	48	110
15403	48	865
15404	48	274
15405	48	88
15406	48	469
15407	48	133
15408	48	401
15409	48	645
15410	48	277
15411	48	39
15412	48	36
15413	48	197
15414	48	229
15415	48	212
15416	48	357
15417	48	269
15418	48	219
15419	48	323
15420	48	17
15421	48	328
15422	48	492
15423	48	5
15424	48	60
15425	48	206
15426	48	19
15427	48	86
15428	48	112
15429	48	91
15430	48	1297
15431	48	388
15432	48	71
15433	48	210
15434	48	99
15435	48	132
15436	48	121
15437	48	1437
15438	48	665
15439	48	120
15440	48	223
15441	48	797
15442	48	238
15443	48	1100
15444	48	991
15445	48	1511
15446	48	1094
15447	48	513
15448	48	54
15449	48	4
15450	48	1382
15451	48	187
15452	48	450
15453	48	144
15454	48	980
15455	48	181
15456	48	1156
15457	48	1
15458	48	233
15459	48	155
15460	48	784
15461	48	1243
15462	48	227
15463	48	1515
15464	48	1257
15465	48	247
15466	48	298
15467	48	241
15468	48	900
15469	48	63
15470	48	333
15471	48	256
15472	48	22
15473	48	293
15474	48	742
15475	48	552
15476	48	250
15477	48	123
15478	48	191
15479	48	251
15480	48	161
15481	48	193
15482	48	848
15483	48	97
15484	48	360
15485	48	309
15486	48	478
15487	48	1042
15488	48	464
15489	48	84
15490	48	1226
15491	48	713
15492	48	55
15493	48	113
15494	48	732
15495	48	619
15496	48	689
15497	48	452
15498	48	38
15499	48	913
15500	48	650
15501	48	1220
15502	48	310
15503	48	3
15504	48	526
15505	48	81
15506	48	1093
15507	48	10
15508	48	355
15509	48	1173
15510	48	66
15511	48	18
15512	48	43
15513	48	938
15514	48	190
15515	48	673
15516	48	179
15517	48	688
15518	48	568
15519	48	1522
15520	48	573
15521	48	1032
15522	48	90
15523	48	102
15524	48	243
15525	48	570
15526	48	783
15527	48	134
15528	48	76
15529	48	515
15530	48	786
15531	48	261
15532	48	740
15533	48	893
15534	48	189
15535	48	78
15536	48	32
15537	48	400
15538	48	61
15539	48	80
15540	48	1102
15541	48	968
15542	48	1281
15543	48	114
15544	48	728
15545	48	1228
15546	48	461
15547	48	505
15548	48	130
15549	48	246
15550	48	79
15551	48	399
15552	48	818
15553	48	905
15554	48	639
15555	48	231
15556	48	376
15557	48	1095
15558	48	288
15559	48	1011
15560	48	48
15561	48	336
15562	48	65
15563	48	686
15564	48	200
15565	48	173
15566	48	978
15567	48	695
15568	48	59
15569	48	719
15570	48	1474
15571	48	11
15572	48	512
15573	48	329
15574	48	353
15575	48	214
15576	48	814
15577	48	716
15578	48	330
15579	48	1523
15580	48	1000
15581	48	812
15582	48	280
15583	48	411
15584	48	914
15585	48	283
15586	48	27
15587	48	154
15588	48	424
15589	48	412
15590	48	525
15591	48	843
15592	48	1128
15593	48	465
15594	48	306
15595	48	467
15596	48	341
15597	48	377
15598	48	1009
15599	48	862
15600	48	87
15601	48	693
15602	48	21
15603	48	318
15604	48	1132
15605	48	910
15606	48	1084
15607	48	176
15608	48	175
15609	48	426
15610	48	347
15611	48	8
15612	48	795
15613	48	657
15614	48	35
15615	48	1006
15616	48	28
15617	48	135
15618	48	832
15619	48	627
15620	48	416
15621	48	294
15622	48	404
15623	48	361
15624	48	75
15625	48	284
15626	48	14
15627	48	64
15628	48	413
15629	48	963
15630	48	692
15631	48	72
15632	48	681
15633	48	379
15634	48	595
15635	48	737
15636	48	105
15637	48	12
15638	48	1536
15639	48	83
15640	48	235
15641	48	204
15642	48	975
15643	48	192
15644	48	537
15645	48	466
15646	48	92
15647	48	145
15648	48	1537
15649	48	541
15650	48	776
15651	48	1262
15652	48	542
15653	48	1273
15654	48	1538
15655	48	291
15656	48	887
15657	48	828
15658	48	600
15659	48	838
15660	48	1539
15661	48	116
15662	48	82
15663	48	199
15664	48	708
15665	48	775
15666	48	53
15667	48	115
15668	48	414
15669	48	507
15670	48	771
15671	48	157
15672	48	107
15673	48	148
15674	48	722
15675	48	1148
15676	48	302
15677	48	565
15678	48	956
15679	48	98
15680	48	1074
15681	48	954
15682	48	1377
15683	48	104
15684	48	31
15685	48	664
15686	48	278
15687	48	806
15688	48	1120
15689	48	331
15690	48	668
15691	48	7
15692	48	906
15693	48	748
15694	48	263
15695	48	402
15696	48	455
15697	48	137
15698	48	1043
15699	48	122
15700	48	831
15701	48	160
15702	48	152
15703	48	474
15704	48	271
15705	48	15
15706	48	42
15707	48	51
15708	48	257
15709	48	209
15710	48	164
15711	48	1126
15712	48	398
15713	48	757
15714	48	567
15715	48	922
15716	48	1048
15717	48	684
15718	48	1143
15719	48	547
15720	48	751
15721	48	679
15722	48	1385
15723	48	1161
15724	48	1540
15725	48	224
15726	48	809
15727	48	1002
15728	48	244
15729	48	582
15730	49	1481
15731	49	231
15732	49	645
15733	49	221
15734	49	412
15735	49	39
15736	49	430
15737	49	193
15738	49	445
15739	49	360
15740	49	54
15741	49	483
15742	49	300
15743	49	114
15744	49	465
15745	49	133
15746	49	271
15747	49	186
15748	49	66
15749	49	610
15750	49	438
15751	49	395
15752	49	984
15753	49	851
15754	49	871
15755	49	8
15756	49	1021
15757	49	51
15758	49	812
15759	49	669
15760	49	146
15761	49	320
15762	49	913
15763	49	1517
15764	49	744
15765	49	274
15766	49	742
15767	49	190
15768	49	1511
15769	49	22
15770	49	72
15771	49	16
15772	49	173
15773	49	643
15774	49	393
15775	49	56
15776	49	838
15777	49	214
15778	49	326
15779	49	261
15780	49	1375
15781	49	1126
15782	49	238
15783	49	630
15784	49	1089
15785	49	647
15786	49	986
15787	49	567
15788	49	206
15789	49	251
15790	49	31
15791	49	1262
15792	49	434
15793	49	219
15794	49	756
15795	49	492
15796	49	691
15797	49	585
15798	49	947
15799	49	102
15800	49	526
15801	49	156
15802	49	105
15803	49	1032
15804	49	1025
15805	49	91
15806	49	123
15807	49	155
15808	49	748
15809	49	144
15810	49	1112
15811	49	877
15812	49	1057
15813	49	308
15814	49	168
15815	49	447
15816	49	280
15817	49	718
15818	49	1192
15819	49	819
15820	49	203
15821	49	164
15822	49	414
15823	49	398
15824	49	18
15825	49	246
15826	49	11
15827	49	78
15828	49	32
15829	49	25
15830	49	450
15831	49	15
15832	49	148
15833	49	255
15834	49	1390
15835	49	1437
15836	49	189
15837	49	515
15838	49	76
15839	49	587
15840	49	413
15841	49	522
15842	49	1001
15843	49	129
15844	49	404
15845	49	174
15846	49	65
15847	49	135
15848	49	548
15849	49	797
15850	49	97
15851	49	7
15852	49	177
15853	49	69
15854	49	83
15855	49	180
15856	49	431
15857	49	345
15858	49	722
15859	49	571
15860	49	283
15861	49	466
15862	49	914
15863	49	121
15864	49	36
15865	49	111
15866	49	34
15867	49	1165
15868	49	936
15869	49	865
15870	49	77
15871	49	277
15872	49	209
15873	49	70
15874	49	1106
15875	49	333
15876	49	50
15877	49	935
15878	49	1163
15879	49	222
15880	49	966
15881	49	427
15882	49	4
15883	49	314
15884	49	361
15885	49	324
15886	49	688
15887	49	336
15888	49	639
15889	49	582
15890	49	827
15891	49	288
15892	49	341
15893	49	118
15894	49	247
15895	49	833
15896	49	256
15897	49	191
15898	49	905
15899	49	821
15900	49	234
15901	49	712
15902	49	1078
15903	49	1151
15904	49	600
15905	49	684
15906	49	609
15907	49	359
15908	49	1243
15909	49	949
15910	49	1426
15911	49	1206
15912	49	1176
15913	49	171
15914	49	223
15915	49	772
15916	49	150
15917	49	452
15918	49	270
15919	49	43
15920	49	338
15921	49	616
15922	49	511
15923	49	1518
15924	49	1121
15925	49	422
15926	49	161
15927	49	884
15928	49	59
15929	49	1519
15930	49	1041
15931	49	356
15932	49	265
15933	49	544
15934	49	243
15935	49	350
15936	49	131
15937	49	160
15938	49	5
15939	49	1269
15940	49	1026
15941	49	17
15942	49	786
15943	49	764
15944	49	1040
15945	49	1125
15946	49	172
15947	49	1327
15948	49	487
15949	49	1253
15950	49	204
15951	49	235
15952	49	293
15953	49	132
15954	49	302
15955	49	753
15956	49	81
15957	49	1497
15958	49	250
15959	49	976
15960	49	179
15961	49	379
15962	49	1484
15963	49	196
15964	49	848
15965	49	44
15966	49	1352
15967	49	1022
15968	49	731
15969	49	963
15970	49	6
15971	49	1225
15972	49	686
15973	49	1171
15974	49	109
15975	49	292
15976	49	1540
15977	49	1538
15978	49	1541
15979	49	1513
15980	49	181
15981	49	27
15982	49	568
15983	49	478
15984	49	142
15985	49	576
15986	49	516
15987	49	860
15988	49	588
15989	49	504
15990	49	200
15991	49	61
15992	49	816
15993	49	86
15994	49	553
15995	49	1140
15996	49	284
15997	49	987
15998	49	1508
15999	49	1130
16000	49	1002
16001	49	975
16002	49	416
16003	49	1303
16004	49	138
16005	49	276
16006	49	968
16007	49	28
16008	49	740
16009	49	42
16010	49	79
16011	49	253
16012	49	119
16013	49	818
16014	49	494
16015	49	323
16016	49	1542
16017	49	467
16018	49	1146
16019	49	1348
16020	49	917
16021	49	868
16022	49	698
16023	49	525
16024	49	227
16025	49	49
16026	49	970
16027	49	175
16028	49	408
16029	49	1297
16030	49	646
16031	49	402
16032	49	1042
16033	49	130
16034	49	885
16035	49	732
16036	49	382
16037	49	218
16038	49	376
16039	49	506
16040	49	116
16041	49	751
16042	49	597
16043	49	149
16044	49	63
16045	49	460
16046	49	883
16047	49	1514
16048	49	1239
16049	49	928
16050	49	1068
16051	49	3
16052	49	236
16053	49	55
16054	49	996
16055	49	1364
16056	49	88
16057	49	229
16058	49	670
16059	49	228
16060	49	1164
16061	49	90
16062	49	1543
16063	49	170
16064	49	278
16065	49	832
16066	49	856
16067	49	233
16068	49	381
16069	50	17
16070	50	186
16071	50	26
16072	50	645
16073	50	647
16074	50	221
16075	50	231
16076	50	210
16077	50	174
16078	50	845
16079	50	329
16080	50	56
16081	50	18
16082	50	243
16083	50	203
16084	50	540
16085	50	242
16086	50	1391
16087	50	627
16088	50	177
16089	50	337
16090	50	393
16091	50	64
16092	50	208
16093	50	328
16094	50	7
16095	50	654
16096	50	76
16097	50	191
16098	50	269
16099	50	400
16100	50	547
16101	50	515
16102	50	811
16103	50	146
16104	50	320
16105	50	65
16106	50	120
16107	50	50
16108	50	687
16109	50	107
16110	50	649
16111	50	251
16112	50	317
16113	50	330
16114	50	310
16115	50	1114
16116	50	944
16117	50	22
16118	50	54
16119	50	8
16120	50	738
16121	50	106
16122	50	797
16123	50	920
16124	50	150
16125	50	190
16126	50	30
16127	50	324
16128	50	80
16129	50	258
16130	50	467
16131	50	319
16132	50	333
16133	50	425
16134	50	31
16135	50	1100
16136	50	1020
16137	50	254
16138	50	610
16139	50	93
16140	50	129
16141	50	204
16142	50	115
16143	50	78
16144	50	1
16145	50	206
16146	50	280
16147	50	209
16148	50	431
16149	50	51
16150	50	456
16151	50	544
16152	50	175
16153	50	761
16154	50	1520
16155	50	3
16156	50	1388
16157	50	565
16158	50	236
16159	50	831
16160	50	1102
16161	50	585
16162	50	284
16163	50	257
16164	50	844
16165	50	91
16166	50	341
16167	50	70
16168	50	36
16169	50	59
16170	50	1257
16171	50	419
16172	50	907
16173	50	144
16174	50	724
16175	50	303
16176	50	917
16177	50	856
16178	50	823
16179	50	359
16180	50	234
16181	50	979
16182	50	495
16183	50	445
16184	50	987
16185	50	1042
16186	50	1236
16187	50	1165
16188	50	130
16189	50	1265
16190	50	1150
16191	50	492
16192	50	250
16193	50	238
16194	50	643
16195	50	196
16196	50	1190
16197	50	572
16198	50	1181
16199	50	274
16200	50	102
16201	50	568
16202	50	452
16203	50	365
16204	50	1011
16205	50	756
16206	50	116
16207	50	773
16208	50	817
16209	50	826
16210	50	219
16211	50	1419
16212	50	293
16213	50	52
16214	50	19
16215	50	197
16216	50	277
16217	50	744
16218	50	401
16219	50	180
16220	50	1069
16221	50	38
16222	50	227
16223	50	388
16224	50	192
16225	50	1036
16226	50	314
16227	50	464
16228	50	11
16229	50	1452
16230	50	745
16231	50	214
16232	50	1400
16233	50	4
16234	50	272
16235	50	950
16236	50	794
16237	50	16
16238	50	213
16239	50	947
16240	50	1283
16241	50	1491
16242	50	416
16243	50	893
16244	50	522
16245	50	164
16246	50	1521
16247	50	1261
16248	50	161
16249	50	1068
16250	50	813
16251	50	905
16252	50	422
16253	50	552
16254	50	511
16255	50	111
16256	50	34
16257	50	620
16258	50	750
16259	50	346
16260	50	1025
16261	50	5
16262	50	723
16263	50	696
16264	50	954
16265	50	114
16266	50	295
16267	50	112
16268	50	450
16269	50	812
16270	50	72
16271	50	97
16272	50	349
16273	50	866
16274	50	597
16275	50	606
16276	50	173
16277	50	123
16278	50	795
16279	50	838
16280	50	466
16281	50	229
16282	50	218
16283	50	446
16284	50	261
16285	50	373
16286	50	896
16287	50	43
16288	50	1145
16289	50	1514
16290	50	1199
16291	50	865
16292	50	256
16293	50	27
16294	50	968
16295	50	695
16296	50	179
16297	50	698
16298	50	352
16299	50	1121
16300	50	383
16301	50	497
16302	50	133
16303	50	1248
16304	50	660
16305	50	809
16306	50	914
16307	50	673
16308	50	692
16309	50	2
16310	50	138
16311	50	457
16312	50	806
16313	50	469
16314	50	1055
16315	50	1000
16316	50	438
16317	50	1327
16318	50	288
16319	50	110
16320	50	327
16321	50	247
16322	50	1078
16323	50	1374
16324	50	1087
16325	50	69
16326	50	1463
16327	50	1524
16328	50	682
16329	50	235
16330	50	21
16331	50	391
16332	50	1357
16333	50	137
16334	50	357
16335	50	181
16336	50	1525
16337	50	149
16338	50	478
16339	50	739
16340	50	86
16341	50	629
16342	50	62
16343	50	1002
16344	50	884
16345	50	1432
16346	50	1186
16347	50	985
16348	50	1526
16349	50	32
16350	50	556
16351	50	118
16352	50	253
16353	50	642
16354	50	311
16355	50	625
16356	50	246
16357	50	136
16358	50	39
16359	50	454
16360	50	1007
16361	50	783
16362	50	486
16363	50	786
16364	50	1115
16365	50	573
16366	50	871
16367	50	913
16368	50	668
16369	50	1527
16370	50	722
16371	50	61
16372	50	513
16373	50	946
16374	50	338
16375	50	132
16376	50	241
16377	50	345
16378	50	302
16379	50	443
16380	50	833
16381	50	347
16382	50	358
16383	50	760
16384	50	1528
16385	50	803
16386	50	379
16387	50	171
16388	50	1123
16389	50	1336
16390	50	1179
16391	50	88
16392	50	1273
16393	50	84
16394	50	33
16395	50	63
16396	50	1024
16397	50	1507
16398	50	828
16399	50	1231
16400	50	852
16401	50	156
16402	50	429
16403	50	537
16404	50	570
16405	50	121
16406	50	189
16407	50	103
16408	50	42
16409	50	433
16410	50	1529
16411	50	609
16412	50	819
16413	50	350
16414	50	753
16415	50	298
16416	50	442
16417	50	814
16418	50	719
16419	50	957
16420	50	1215
16421	50	879
16422	50	525
16423	50	430
16424	50	459
16425	50	306
16426	50	1166
16427	50	705
16428	50	455
16429	50	641
16430	50	650
16431	50	200
16432	50	1043
16433	50	1093
16434	50	279
16435	50	1464
16436	50	862
16437	50	908
16438	50	832
16439	50	869
16440	50	688
16441	50	41
16442	50	370
16443	50	427
16444	50	503
16445	50	1156
16446	50	975
16447	50	376
16448	50	684
16449	50	1112
16450	50	266
16451	50	404
16452	50	633
16453	50	451
16454	50	493
16455	50	748
16456	50	364
16457	50	532
16458	50	292
16459	50	331
16460	50	1505
16461	50	1160
16462	50	821
16463	50	743
16464	50	291
16465	50	40
16466	50	143
16467	50	1128
16468	50	447
16469	50	936
16470	50	135
16471	50	384
16472	50	15
16473	50	1130
16474	50	472
16475	50	10
16476	50	71
16477	50	509
16478	50	139
16479	50	220
16480	50	473
16481	50	1544
16482	50	81
16483	50	294
16484	50	343
16485	50	212
16486	50	273
16487	50	482
16488	50	842
16489	50	366
16490	50	619
16491	50	356
16492	50	681
16493	50	640
16494	50	1132
16495	50	55
16496	50	716
16497	50	233
16498	50	900
16499	50	770
16500	50	846
16501	50	477
16502	50	990
16503	50	1163
16504	50	635
16505	50	827
16506	50	595
16507	50	646
16508	50	636
16509	50	1189
16510	50	1094
16511	50	1038
16512	50	892
16513	50	1276
16514	50	290
16515	50	398
16516	50	68
16517	50	1545
16518	50	255
16519	50	603
16520	50	586
16521	50	410
16522	50	1073
16523	50	487
16524	50	551
16525	50	9
16526	50	1377
16527	50	822
16528	50	60
16529	50	162
16530	50	66
16531	50	1262
16532	50	1308
16533	50	321
16534	50	918
16535	50	1540
16536	50	6
16537	50	79
16538	50	465
16539	51	1205
16540	51	1525
16541	51	179
16542	51	189
16543	51	22
16544	51	180
16545	51	786
16546	51	790
16547	51	174
16548	51	436
16549	51	467
16550	51	320
16551	51	138
16552	51	120
16553	51	55
16554	51	247
16555	51	538
16556	51	156
16557	51	414
16558	51	379
16559	51	218
16560	51	400
16561	51	182
16562	51	193
16563	51	133
16564	51	6
16565	51	1405
16566	51	161
16567	51	70
16568	51	646
16569	51	643
16570	51	246
16571	51	47
16572	51	36
16573	51	782
16574	51	936
16575	51	419
16576	51	196
16577	51	916
16578	51	231
16579	51	41
16580	51	105
16581	51	367
16582	51	243
16583	51	863
16584	51	1141
16585	51	413
16586	51	393
16587	51	191
16588	51	114
16589	51	978
16590	51	50
16591	51	159
16592	51	3
16593	51	78
16594	51	56
16595	51	203
16596	51	378
16597	51	1103
16598	51	552
16599	51	486
16600	51	1382
16601	51	7
16602	51	97
16603	51	900
16604	51	741
16605	51	361
16606	51	61
16607	51	416
16608	51	907
16609	51	144
16610	51	918
16611	51	269
16612	51	563
16613	51	897
16614	51	431
16615	51	333
16616	51	635
16617	51	263
16618	51	17
16619	51	4
16620	51	66
16621	51	64
16622	51	116
16623	51	1228
16624	51	102
16625	51	1165
16626	51	256
16627	51	797
16628	51	1120
16629	51	75
16630	51	748
16631	51	226
16632	51	79
16633	51	33
16634	51	881
16635	51	228
16636	51	399
16637	51	1036
16638	51	404
16639	51	882
16640	51	473
16641	51	1112
16642	51	789
16643	51	585
16644	51	91
16645	51	463
16646	51	583
16647	51	261
16648	51	121
16649	51	153
16650	51	553
16651	51	80
16652	51	597
16653	51	427
16654	51	336
16655	51	619
16656	51	873
16657	51	306
16658	51	491
16659	51	267
16660	51	1073
16661	51	506
16662	51	614
16663	51	652
16664	51	971
16665	51	1181
16666	51	1022
16667	51	806
16668	51	288
16669	51	1546
16670	51	740
16671	51	43
16672	51	327
16673	51	234
16674	51	1313
16675	51	223
16676	51	18
16677	51	1059
16678	51	654
16679	51	617
16680	51	1389
16681	51	34
16682	51	1393
16683	51	1129
16684	51	437
16685	51	1474
16686	51	469
16687	51	827
16688	51	346
16689	51	492
16690	51	32
16691	51	454
16692	51	21
16693	51	672
16694	51	1170
16695	51	113
16696	51	750
16697	51	175
16698	51	324
16699	51	235
16700	51	401
16701	51	864
16702	51	851
16703	51	540
16704	51	197
16705	51	868
16706	51	739
16707	51	1318
16708	51	455
16709	51	438
16710	51	359
16711	51	1035
16712	51	388
16713	51	72
16714	51	132
16715	51	352
16716	51	76
16717	51	911
16718	51	761
16719	51	277
16720	51	920
16721	51	604
16722	51	347
16723	51	714
16724	51	537
16725	51	457
16726	51	38
16727	51	756
16728	51	505
16729	51	111
16730	51	1158
16731	51	487
16732	51	668
16733	51	1021
16734	51	301
16735	51	1031
16736	51	337
16737	51	1497
16738	51	713
16739	51	683
16740	51	1122
16741	51	257
16742	51	250
16743	51	1547
16744	51	1538
16745	51	1023
16746	51	341
16747	51	1042
16748	51	96
16749	51	291
16750	51	554
16751	51	237
16752	51	354
16753	51	81
16754	51	49
16755	51	686
16756	51	763
16757	51	625
16758	51	302
16759	51	98
16760	51	769
16761	51	507
16762	51	142
16763	51	1043
16764	51	616
16765	51	783
16766	51	1066
16767	51	254
16768	51	258
16769	51	573
16770	51	1213
16771	51	48
16772	51	432
16773	51	398
16774	51	519
16775	51	1303
16776	51	785
16777	51	407
16778	51	177
16779	51	1327
16780	51	1295
16781	51	452
16782	51	186
16783	51	845
16784	51	381
16785	51	987
16786	51	219
16787	51	255
16788	51	86
16789	51	59
16790	51	593
16791	51	190
16792	51	27
16793	51	221
16794	51	1002
16795	51	129
16796	51	570
16797	51	968
16798	51	25
16799	51	241
16800	51	865
16801	51	65
16802	51	77
16803	51	11
16804	51	1156
16805	51	466
16806	51	1095
16807	51	376
16808	51	310
16809	51	329
16810	51	46
16811	51	130
16812	51	447
16813	51	146
16814	51	330
16815	51	1548
16816	51	847
16817	51	26
16818	51	1243
16819	51	483
16820	51	626
16821	51	71
16822	51	1549
16823	51	406
16824	51	744
16825	51	548
16826	51	137
16827	51	37
16828	51	1291
16829	51	206
16830	51	326
16831	51	19
16832	51	601
16833	51	139
16834	51	639
16835	51	814
16836	51	539
16837	51	691
16838	51	687
16839	51	874
16840	51	594
16841	51	216
16842	51	154
16843	51	155
16844	51	147
16845	51	279
16846	51	549
16847	51	998
16848	51	39
16849	51	751
16850	51	453
16851	51	10
16852	51	63
16853	51	314
16854	51	809
16855	51	54
16856	51	1550
16857	51	322
16858	51	1117
16859	51	606
16860	51	24
16861	51	286
16862	51	373
16863	51	765
16864	51	1236
16865	51	280
16866	51	689
16867	51	57
16868	51	294
16869	51	885
16870	51	368
16871	51	1514
16872	51	642
16873	51	123
16874	51	349
16875	51	1247
16876	51	332
16877	51	738
16878	51	53
16879	51	698
16880	51	743
16881	51	360
16882	51	650
16883	51	898
16884	51	185
16885	51	645
16886	51	1380
16887	51	434
16888	51	1081
16889	51	784
16890	51	729
16891	51	664
16892	51	331
16893	51	816
16894	51	637
16895	51	390
16896	51	1017
16897	51	732
16898	51	344
16899	51	181
16900	51	292
16901	51	244
16902	51	173
16903	51	317
16904	51	465
16905	51	525
16906	51	42
16907	51	478
16908	51	857
16909	51	1
16910	51	679
16911	51	661
16912	51	338
16913	51	1551
16914	51	5
16915	51	84
16916	51	140
16917	51	134
16918	51	192
16919	51	251
16920	51	425
16921	51	1348
16922	51	357
16923	51	1121
16924	51	736
16925	51	239
16926	51	922
16927	51	701
16928	51	561
16929	51	595
16930	51	176
16931	51	450
16932	51	60
16933	51	1068
16934	51	843
16935	51	162
16936	51	697
16937	51	669
16938	51	966
16939	51	908
16940	51	960
16941	51	109
16942	51	99
16943	51	104
16944	51	118
16945	51	956
16946	51	1505
16947	51	1057
16948	51	1030
16949	51	712
16950	51	780
16951	51	1466
16952	51	777
16953	51	150
16954	51	721
16955	51	410
16956	51	544
16957	51	382
16958	51	719
16959	51	723
16960	51	238
16961	51	1132
16962	51	126
16963	51	328
16964	51	943
16965	51	16
16966	51	684
16967	51	343
16968	51	515
16969	51	722
16970	51	670
16971	51	1569
16972	51	278
16973	51	962
16974	51	512
16975	51	284
16976	51	1353
16977	51	268
16978	51	88
16979	51	1209
16980	51	1570
16981	51	125
16982	51	110
16983	51	949
16984	51	884
16985	51	812
16986	51	1145
16987	51	1040
16988	51	1504
16989	51	674
16990	51	815
16991	51	681
16992	51	1297
16993	51	692
16994	51	1108
16995	51	530
16996	51	1222
16997	51	164
16998	51	795
16999	51	1016
17000	51	309
17001	51	1024
17002	51	30
17003	51	380
17004	51	1034
17005	51	1555
17006	51	442
17007	51	952
17008	51	1176
17009	51	547
17010	51	1464
17011	51	567
17012	51	214
17013	51	1507
17014	51	947
17015	51	395
17016	51	610
17017	51	9
17018	51	422
17019	51	574
17020	51	295
17021	51	274
17022	51	1519
17023	51	232
17024	51	1032
17025	51	990
17026	51	878
17027	51	1576
17028	51	1577
17029	51	954
17030	51	770
17031	51	742
17032	51	673
17033	51	424
17034	51	1025
17035	51	589
17036	51	87
17037	51	905
17038	51	107
17039	51	996
17040	51	1524
17041	51	582
17042	51	941
17043	51	1289
17044	51	204
17045	51	1563
17046	51	813
17047	51	1238
17048	51	1138
17049	51	67
17050	51	1193
17051	51	112
17052	51	824
17053	51	518
17054	51	1578
17055	51	122
17056	51	1314
17057	51	1262
17058	51	1053
17059	51	283
17060	51	821
17061	51	688
17062	51	298
17063	51	559
17064	51	15
17065	51	262
17066	51	656
17067	51	776
17068	51	460
17069	51	870
17070	51	323
17071	51	546
17072	51	384
17073	51	430
17074	51	236
17075	51	143
17076	51	1074
17077	51	490
17078	51	638
17079	51	1038
17080	51	1579
17081	51	869
17082	51	157
17083	51	1365
17084	51	545
17085	51	1146
17086	51	702
17087	51	517
17088	51	334
17089	51	511
17090	51	1218
17091	51	1196
17092	51	866
17093	51	1041
17094	51	500
17095	51	578
17096	51	890
17097	51	1215
17098	51	551
17099	51	1421
17100	51	558
17101	51	90
17102	51	29
17103	51	695
17104	51	31
17105	51	516
17106	51	819
17107	51	526
17108	51	210
17109	51	528
17110	51	1163
17111	51	199
17112	51	296
17113	51	370
17114	52	175
17115	52	36
17116	52	120
17117	52	144
17118	52	782
17119	52	105
17120	52	102
17121	52	660
17122	52	246
17123	52	531
17124	52	642
17125	52	885
17126	52	905
17127	52	645
17128	52	243
17129	52	333
17130	52	1005
17131	52	179
17132	52	146
17133	52	180
17134	52	324
17135	52	452
17136	52	18
17137	52	865
17138	52	235
17139	52	393
17140	52	658
17141	52	15
17142	52	69
17143	52	280
17144	52	2
17145	52	1121
17146	52	900
17147	52	936
17148	52	96
17149	52	50
17150	52	56
17151	52	292
17152	52	203
17153	52	34
17154	52	302
17155	52	283
17156	52	687
17157	52	8
17158	52	320
17159	52	161
17160	52	116
17161	52	414
17162	52	1552
17163	52	196
17164	52	11
17165	52	577
17166	52	3
17167	52	94
17168	52	879
17169	52	176
17170	52	876
17171	52	1491
17172	52	1128
17173	52	431
17174	52	908
17175	52	59
17176	52	468
17177	52	756
17178	52	952
17179	52	204
17180	52	960
17181	52	294
17182	52	773
17183	52	691
17184	52	679
17185	52	734
17186	52	197
17187	52	473
17188	52	64
17189	52	147
17190	52	732
17191	52	547
17192	52	643
17193	52	379
17194	52	507
17195	52	472
17196	52	427
17197	52	387
17198	52	219
17199	52	1391
17200	52	22
17201	52	464
17202	52	786
17203	52	174
17204	52	19
17205	52	122
17206	52	121
17207	52	744
17208	52	234
17209	52	702
17210	52	97
17211	52	564
17212	52	836
17213	52	364
17214	52	404
17215	52	55
17216	52	625
17217	52	613
17218	52	434
17219	52	135
17220	52	91
17221	52	467
17222	52	352
17223	52	236
17224	52	21
17225	52	6
17226	52	192
17227	52	260
17228	52	797
17229	52	520
17230	52	690
17231	52	881
17232	52	1165
17233	52	228
17234	52	391
17235	52	627
17236	52	535
17237	52	5
17238	52	894
17239	52	149
17240	52	895
17241	52	65
17242	52	1553
17243	52	247
17244	52	244
17245	52	202
17246	52	10
17247	52	361
17248	52	327
17249	52	17
17250	52	1549
17251	52	615
17252	52	356
17253	52	323
17254	52	75
17255	52	670
17256	52	181
17257	52	70
17258	52	328
17259	52	1437
17260	52	1132
17261	52	823
17262	52	193
17263	52	398
17264	52	1112
17265	52	893
17266	52	1273
17267	52	1554
17268	52	1357
17269	52	208
17270	52	160
17271	52	832
17272	52	241
17273	52	989
17274	52	1384
17275	52	1505
17276	52	1367
17277	52	191
17278	52	154
17279	52	748
17280	52	39
17281	52	525
17282	52	864
17283	52	274
17284	52	344
17285	52	1296
17286	52	41
17287	52	902
17288	52	1289
17289	52	187
17290	52	790
17291	52	1364
17292	52	453
17293	52	251
17294	52	301
17295	52	863
17296	52	869
17297	52	521
17298	52	399
17299	52	719
17300	52	1274
17301	52	158
17302	52	818
17303	52	433
17304	52	40
17305	52	576
17306	52	1122
17307	52	827
17308	52	635
17309	52	743
17310	52	1239
17311	52	685
17312	52	88
17313	52	239
17314	52	784
17315	52	770
17316	52	133
17317	52	1555
17318	52	470
17319	52	269
17320	52	186
17321	52	231
17322	52	51
17323	52	250
17324	52	601
17325	52	26
17326	52	437
17327	52	1556
17328	52	373
17329	52	124
17330	52	257
17331	52	227
17332	52	309
17333	52	338
17334	52	436
17335	52	71
17336	52	465
17337	52	1113
17338	52	223
17339	52	258
17340	52	1557
17341	52	610
17342	52	816
17343	52	78
17344	52	214
17345	52	334
17346	52	326
17347	52	585
17348	52	429
17349	52	32
17350	52	1315
17351	52	1067
17352	52	182
17353	52	683
17354	52	1558
17355	52	618
17356	52	130
17357	52	189
17358	52	111
17359	52	898
17360	52	481
17361	52	698
17362	52	369
17363	52	1209
17364	52	261
17365	52	256
17366	52	1162
17367	52	213
17368	52	312
17369	52	954
17370	52	86
17371	52	1
17372	52	554
17373	52	771
17374	52	430
17375	52	646
17376	52	1474
17377	52	491
17378	52	939
17379	52	701
17380	52	742
17381	52	109
17382	52	35
17383	52	1559
17384	52	63
17385	52	455
17386	52	966
17387	52	815
17388	52	319
17389	52	1476
17390	52	218
17391	52	248
17392	52	650
17393	52	265
17394	52	1161
17395	52	341
17396	52	221
17397	52	381
17398	52	376
17399	52	800
17400	52	1203
17401	52	1146
17402	52	306
17403	52	413
17404	52	1560
17405	52	1430
17406	52	1292
17407	52	644
17408	52	1507
17409	52	741
17410	52	267
17411	52	4
17412	52	1037
17413	52	466
17414	52	153
17415	52	31
17416	52	624
17417	52	556
17418	52	206
17419	52	1532
17420	52	619
17421	52	43
17422	52	1561
17423	52	138
17424	52	155
17425	52	114
17426	52	445
17427	52	515
17428	52	129
17429	52	222
17430	52	544
17431	52	522
17432	52	987
17433	52	386
17434	52	98
17435	52	1030
17436	52	799
17437	52	1102
17438	52	986
17439	52	229
17440	52	1243
17441	52	378
17442	52	1114
17443	52	49
17444	52	991
17445	52	118
17446	52	1562
17447	52	190
17448	52	1269
17449	52	751
17450	52	877
17451	52	994
17452	52	284
17453	52	1129
17454	52	712
17455	52	115
17456	52	597
17457	52	270
17458	52	1095
17459	52	949
17460	52	1318
17461	52	919
17462	52	887
17463	52	652
17464	52	347
17465	52	761
17466	52	503
17467	52	401
17468	52	540
17469	52	38
17470	52	226
17471	52	922
17472	52	7
17473	52	422
17474	52	298
17475	52	1525
17476	52	438
17477	52	574
17478	52	913
17479	52	83
17480	52	512
17481	52	66
17482	52	582
17483	52	84
17484	52	1016
17485	52	495
17486	52	432
17487	52	460
17488	52	444
17489	52	1423
17490	52	1190
17491	52	273
17492	52	72
17493	52	620
17494	52	1563
17495	52	1564
17496	52	941
17497	52	1248
17498	52	125
17499	52	139
17500	52	368
17501	52	1514
17502	52	953
17503	52	639
17504	52	937
17505	52	492
17506	52	607
17507	52	286
17508	52	673
17509	52	285
17510	52	1313
17511	52	1565
17512	52	950
17513	52	447
17514	52	28
17515	52	546
17516	52	325
17517	52	722
17518	52	1566
17519	52	397
17520	52	392
17521	52	548
17522	52	87
17523	52	156
17524	52	509
17525	52	569
17526	52	671
17527	52	558
17528	52	1233
17529	52	54
17530	52	578
17531	52	766
17532	52	42
17533	52	753
17534	52	1185
17535	52	579
17536	52	1036
17537	52	1380
17538	52	674
17539	52	123
17540	52	300
17541	52	511
17542	52	1567
17543	52	616
17544	52	353
17545	52	914
17546	52	1405
17547	52	424
17548	52	801
17549	52	237
17550	52	263
17551	52	921
17552	52	1021
17553	52	16
17554	52	891
17555	52	76
17556	52	255
17557	52	238
17558	52	388
17559	52	516
17560	52	612
17561	52	792
17562	52	1544
17563	52	778
17564	52	370
17565	52	423
17566	52	278
17567	52	457
17568	52	964
17569	52	169
17570	52	268
17571	52	750
17572	52	657
17573	52	13
17574	52	157
17575	52	400
17576	52	329
17577	52	757
17578	52	980
17579	52	48
17580	52	598
17581	52	1548
17582	52	1176
17583	52	931
17584	52	804
17585	52	708
17586	52	359
17587	52	212
17588	52	845
17589	52	824
17590	52	195
17591	52	517
17592	52	1386
17593	52	573
17594	52	24
17595	52	321
17596	52	1182
17597	52	1222
17598	52	483
17599	52	33
17600	52	539
17601	52	817
17602	52	318
17603	52	1463
17604	52	1293
17605	52	528
17606	52	979
17607	52	1156
17608	52	630
17609	52	1303
17610	52	842
17611	52	924
17612	52	1338
17613	52	519
17614	52	1390
17615	52	537
17616	52	907
17617	52	1002
17618	52	1375
17619	52	974
17620	52	493
17621	52	1568
17622	52	957
17623	52	1550
17624	52	561
17625	52	106
17626	52	1307
17627	52	928
17628	52	1163
17629	52	345
17630	52	53
17631	52	1389
17632	52	351
17633	52	350
17634	52	844
17635	52	901
17636	52	406
17637	52	489
17638	52	343
17639	52	412
17640	52	1179
17641	52	1370
17642	52	557
17643	52	851
17644	52	649
17645	52	668
17646	52	240
17647	52	331
17648	52	567
17649	52	249
17650	52	463
17651	52	45
17652	52	870
17653	52	972
17654	52	101
17655	52	1125
17656	52	126
17657	52	776
17658	52	405
17659	52	1145
17660	52	253
17661	52	1368
17662	52	20
17663	52	27
17664	52	968
17665	52	568
17666	52	233
17667	52	1105
17668	52	1297
17669	52	1212
17670	52	416
17671	52	917
17672	52	1432
17673	52	783
17674	52	1519
17675	52	1484
17676	52	164
17677	52	150
17678	52	288
17679	52	166
17680	52	806
17681	52	420
17682	52	935
17683	52	1492
17684	52	946
17685	52	113
17686	52	143
17687	52	44
17688	52	543
17689	52	140
17690	52	1354
17691	52	1439
17692	52	1045
17693	52	897
17694	52	317
17695	52	177
17696	52	395
17697	52	559
17698	52	314
17699	52	1039
17700	52	77
17701	52	1490
17702	52	1065
17703	52	1580
17704	52	232
17705	52	1510
17706	52	677
17707	52	1418
17708	52	508
17709	52	295
17710	52	201
17711	52	127
17712	52	1333
17713	52	1359
17714	52	587
17715	52	1351
17716	52	60
17717	52	975
17718	52	377
17719	52	37
17720	52	79
17721	52	526
17722	52	1581
17723	52	1042
17724	52	1582
17725	52	293
17726	52	571
17727	52	29
17728	52	563
17729	52	367
17730	52	478
17731	52	315
17732	52	220
17733	52	795
17734	52	1290
17735	52	58
17736	52	763
17737	52	814
17738	52	1130
17739	52	1228
17740	52	600
17741	52	1406
17742	52	1275
17743	52	697
17744	52	446
17745	52	925
17746	52	500
17747	52	1409
17748	52	955
17749	52	357
17750	52	611
17751	52	252
17752	52	1542
17753	52	1031
17754	52	1123
17755	52	1266
17756	52	637
17757	52	880
17758	52	1040
17759	52	216
17760	52	396
17761	52	735
17762	52	565
17763	52	583
17764	52	167
17765	52	942
17766	52	67
17767	52	868
17768	52	1328
17769	52	14
17770	52	310
17771	52	1143
17772	52	787
17773	52	1355
17774	52	92
17775	52	930
17776	52	80
17777	52	322
17778	52	542
17779	52	695
17780	52	688
17781	52	774
17782	52	604
17783	52	718
17784	52	1034
17785	52	1068
17786	52	1577
17787	52	552
17788	52	1217
17789	52	971
17790	52	1077
17791	52	970
17792	52	1583
17793	52	442
17794	52	1215
17795	52	1078
17796	52	337
17797	52	648
17798	52	25
17799	52	475
17800	52	1199
17801	52	588
17802	52	513
17803	52	1377
17804	52	1584
17805	52	259
17806	52	441
17807	52	1060
17808	52	342
17809	52	145
17810	52	46
17811	52	1242
17812	52	335
17813	52	450
17814	52	68
17815	52	1100
17816	52	1024
17817	52	857
17818	52	148
17819	52	723
17820	52	1053
17821	52	1366
17822	52	903
17823	52	1004
17824	52	725
17825	52	151
17826	53	393
17827	53	642
17828	53	146
17829	53	1435
17830	53	610
17831	53	748
17832	53	78
17833	53	492
17834	53	22
17835	53	56
17836	53	175
17837	53	742
17838	53	404
17839	53	144
17840	53	1300
17841	53	18
17842	53	186
17843	53	4
17844	53	36
17845	53	293
17846	53	296
17847	53	824
17848	53	1233
17849	53	203
17850	53	219
17851	53	41
17852	53	463
17853	53	241
17854	53	191
17855	53	70
17856	53	269
17857	53	16
17858	53	471
17859	53	17
17860	53	447
17861	53	113
17862	53	231
17863	53	438
17864	53	295
17865	53	795
17866	53	597
17867	53	552
17868	53	358
17869	53	744
17870	53	189
17871	53	467
17872	53	2
17873	53	221
17874	53	206
17875	53	182
17876	53	50
17877	53	975
17878	53	525
17879	53	67
17880	53	693
17881	53	328
17882	53	314
17883	53	53
17884	53	123
17885	53	302
17886	53	1102
17887	53	227
17888	53	547
17889	53	327
17890	53	196
17891	53	708
17892	53	389
17893	53	953
17894	53	164
17895	53	5
17896	53	222
17897	53	254
17898	53	821
17899	53	643
17900	53	32
17901	53	797
17902	53	97
17903	53	109
17904	53	431
17905	53	333
17906	53	125
17907	53	679
17908	53	1165
17909	53	329
17910	53	1492
17911	53	901
17912	53	361
17913	53	973
17914	53	30
17915	53	6
17916	53	503
17917	53	24
17918	53	114
17919	53	150
17920	53	674
17921	53	43
17922	53	218
17923	53	174
17924	53	65
17925	53	214
17926	53	25
17927	53	71
17928	53	29
17929	53	379
17930	53	181
17931	53	104
17932	53	247
17933	53	1413
17934	53	373
17935	53	815
17936	53	468
17937	53	190
17938	53	732
17939	53	645
17940	53	1205
17941	53	987
17942	53	1571
17943	53	940
17944	53	177
17945	53	173
17946	53	179
17947	53	1007
17948	53	1002
17949	53	618
17950	53	727
17951	53	61
17952	53	1473
17953	53	1572
17954	53	374
17955	53	250
17956	53	786
17957	53	126
17958	53	719
17959	53	55
17960	53	59
17961	53	601
17962	53	876
17963	53	34
17964	53	236
17965	53	76
17966	53	761
17967	53	277
17968	53	121
17969	53	54
17970	53	161
17971	53	243
17972	53	422
17973	53	548
17974	53	244
17975	53	120
17976	53	105
17977	53	865
17978	53	292
17979	53	132
17980	53	1501
17981	53	86
17982	53	1
17983	53	260
17984	53	69
17985	53	365
17986	53	140
17987	53	516
17988	53	853
17989	53	376
17990	53	1289
17991	53	402
17992	53	408
17993	53	880
17994	53	111
17995	53	414
17996	53	400
17997	53	11
17998	53	401
17999	53	698
18000	53	360
18001	53	1545
18002	53	135
18003	53	540
18004	53	242
18005	53	897
18006	53	936
18007	53	483
18008	53	324
18009	53	15
18010	53	66
18011	53	1016
18012	53	874
18013	53	1573
18014	53	1145
18015	53	235
18016	53	102
18017	53	8
18018	53	426
18019	53	223
18020	53	1176
18021	53	368
18022	53	900
18023	53	3
18024	53	180
18025	53	911
18026	53	212
18027	53	1132
18028	53	832
18029	53	246
18030	53	649
18031	53	464
18032	53	1574
18033	53	265
18034	53	556
18035	53	1374
18036	53	1112
18037	53	470
18038	53	283
18039	53	7
18040	53	650
18041	53	267
18042	53	149
18043	53	946
18044	53	112
18045	53	320
18046	53	271
18047	53	568
18048	53	1297
18049	53	234
18050	53	51
18051	53	494
18052	53	1043
18053	53	317
18054	53	867
18055	53	251
18056	53	528
18057	53	818
18058	53	939
18059	53	896
18060	53	913
18061	53	1053
18062	53	1384
18063	53	810
18064	53	1063
18065	53	455
18066	53	352
18067	53	985
18068	53	542
18069	53	603
18070	53	84
18071	53	1557
18072	53	155
18073	53	330
18074	53	806
18075	53	668
18076	53	83
18077	53	1060
18078	53	879
18079	53	204
18080	53	486
18081	53	106
18082	53	473
18083	53	882
18084	53	680
18085	53	1485
18086	53	1128
18087	53	49
18088	53	116
18089	53	734
18090	53	131
18091	53	450
18092	53	917
18093	53	974
18094	53	613
18095	53	26
18096	53	870
18097	53	208
18098	53	446
18099	53	337
18100	53	200
18101	53	989
18102	53	321
18103	53	885
18104	53	746
18105	53	747
18106	53	1334
18107	53	691
18108	53	338
18109	53	1033
18110	53	44
18111	53	436
18112	53	1364
18113	53	224
18114	53	661
18115	53	1040
18116	53	307
18117	53	898
18118	53	167
18119	53	192
18120	53	266
18121	53	10
18122	53	907
18123	53	117
18124	53	72
18125	53	713
18126	53	225
18127	53	916
18128	53	1575
18129	53	35
18130	53	390
18131	53	982
18132	53	133
18133	53	252
18134	53	1561
18135	53	1432
18136	53	749
18137	53	432
18138	53	92
18139	53	99
18140	53	137
18141	53	703
18142	53	954
18143	53	768
18144	53	766
18145	53	935
18146	53	624
18147	53	249
18148	53	1017
18149	53	334
18150	53	949
18151	53	888
18152	53	615
18153	53	286
18154	53	1173
18155	53	720
18156	53	881
18157	53	323
18158	53	646
18159	53	591
18160	53	1497
18161	53	1290
18162	53	1116
18163	53	91
18164	53	627
18165	53	1180
18166	53	778
18167	53	448
18168	53	1212
18169	53	238
18170	53	38
18171	53	156
18172	53	1375
18173	53	526
18174	53	559
18175	53	466
18176	53	1271
18177	53	153
18178	53	544
18179	53	838
18180	53	1041
18181	53	1585
18182	53	343
18183	53	147
18184	53	966
18185	53	1525
18186	53	1199
18187	53	255
18188	53	570
18189	53	1248
18190	53	220
18191	53	63
18192	53	585
18193	53	274
18194	53	139
18195	53	27
18196	53	257
18197	53	914
18198	53	554
18199	53	122
18200	53	279
18201	53	811
18202	53	318
18203	53	434
18204	53	94
18205	53	909
18206	53	683
18207	53	565
18208	53	39
18209	53	410
18210	53	1156
18211	53	1220
18212	53	1577
18213	53	774
18214	53	68
18215	53	506
18216	53	21
18217	53	507
18218	53	717
18219	53	256
18220	53	60
18221	53	764
18222	53	1121
18223	53	648
18224	53	1253
18225	53	284
18226	53	378
18227	53	1148
18228	53	1244
18229	53	31
18230	53	1172
18231	53	143
18232	53	1068
18233	53	684
18234	53	582
18235	53	1032
18236	53	782
18237	53	369
18238	53	505
18239	53	216
18240	53	134
18241	53	336
18242	53	478
18243	53	1209
18244	53	1519
18245	53	823
18246	53	531
18247	53	57
18248	53	1586
18249	53	1215
18250	53	474
18251	53	619
18252	53	741
18253	53	848
18254	53	577
18255	53	342
18256	53	978
18257	53	553
18258	53	160
18259	53	1269
18260	53	753
18261	53	495
18262	53	398
18263	53	298
18264	53	574
18265	53	451
18266	53	138
18267	53	145
18268	53	319
18269	53	392
18270	53	662
18271	54	17
18272	54	1
18273	54	129
18274	54	278
18275	54	269
18276	54	72
18277	54	552
18278	54	515
18279	54	50
18280	54	987
18281	54	59
18282	54	22
18283	54	26
18284	54	34
18285	54	1152
18286	54	30
18287	54	144
18288	54	84
18289	54	143
18290	54	186
18291	54	70
18292	54	1243
18293	54	102
18294	54	54
18295	54	191
18296	54	1102
18297	54	250
18298	54	544
18299	54	153
18300	54	1014
18301	54	585
18302	54	40
18303	54	133
18304	54	352
18305	54	76
18306	54	1039
18307	54	1370
18308	54	142
18309	54	666
18310	54	698
18311	54	294
18312	54	597
18313	54	116
18314	54	71
18315	54	79
18316	54	320
18317	54	231
18318	54	203
18319	54	27
18320	54	18
18321	54	817
18322	54	210
18323	54	975
18324	54	748
18325	54	284
18326	54	1000
18327	54	399
18328	54	169
18329	54	664
18330	54	688
18331	54	16
18332	54	98
18333	54	824
18334	54	267
18335	54	308
18336	54	11
18337	54	466
18338	54	376
18339	54	57
18340	54	1077
18341	54	235
18342	54	1095
18343	54	51
18344	54	328
18345	54	819
18346	54	175
18347	54	809
18348	54	759
18349	54	150
18350	54	182
18351	54	536
18352	54	469
18353	54	56
18354	54	293
18355	54	206
18356	54	110
18357	54	151
18358	54	296
18359	54	173
18360	54	686
18361	54	219
18362	54	645
18363	54	91
18364	54	448
18365	54	522
18366	54	78
18367	54	418
18368	54	1353
18369	54	385
18370	54	83
18371	54	36
18372	54	417
18373	54	642
18374	54	190
18375	54	673
18376	54	883
18377	54	111
18378	54	7
18379	54	52
18380	54	410
18381	54	812
18382	54	610
18383	54	1233
18384	54	28
18385	54	61
18386	54	959
18387	54	1036
18388	54	120
18389	54	764
18390	54	189
18391	54	314
18392	54	816
18393	54	261
18394	54	783
18395	54	960
18396	54	1027
18397	54	467
18398	54	490
18399	54	1032
18400	54	174
18401	54	113
18402	54	39
18403	54	1084
18404	54	413
18405	54	507
18406	54	358
18407	54	112
18408	54	438
18409	54	404
18410	54	464
18411	54	492
18412	54	31
18413	54	273
18414	54	708
18415	54	105
18416	54	1248
18417	54	285
18418	54	425
18419	54	121
18420	54	132
18421	54	360
18422	54	695
18423	54	1038
18424	54	1276
18425	54	274
18426	54	41
18427	54	64
18428	54	1021
18429	54	407
18430	54	753
18431	54	769
18432	54	114
18433	54	94
18434	54	1043
18435	54	1236
18436	54	25
18437	54	135
18438	54	122
18439	54	401
18440	54	744
18441	54	1025
18442	54	156
18443	54	115
18444	54	956
18445	54	1063
18446	54	1204
18447	54	43
18448	54	1242
18449	54	981
18450	54	1235
18451	54	345
18452	54	171
18453	54	461
18454	54	161
18455	54	141
18456	54	751
18457	54	842
18458	54	222
18459	54	19
18460	54	126
18461	54	6
18462	54	1459
18463	54	966
18464	54	447
18465	54	196
18466	54	69
18467	54	201
18468	54	1321
18469	54	1206
18470	54	1074
18471	54	768
18472	54	670
18473	54	535
18474	54	914
18475	54	283
18476	54	342
18477	54	1203
18478	54	81
18479	54	146
18480	54	756
18481	54	1592
18482	54	868
18483	54	14
18484	54	906
18485	54	1029
18486	54	359
18487	54	138
18488	54	1059
18489	54	398
18490	54	414
18491	54	1042
18492	54	1456
18493	54	218
18494	54	221
18495	54	1176
18496	54	626
18497	54	366
18498	54	1080
18499	54	1121
18500	54	15
18501	54	179
18502	54	137
18503	54	1166
18504	54	227
18505	54	350
18506	54	968
18507	54	765
18508	54	393
18509	54	223
18510	54	243
18511	54	1593
18512	54	450
18513	54	1390
18514	54	380
18515	54	483
18516	54	1100
18517	54	633
18518	54	973
18519	54	1175
18520	54	750
18521	54	53
18522	54	525
18523	54	723
18524	54	324
18525	54	928
18526	54	1126
18527	54	996
18528	54	333
18529	54	280
18530	54	980
18531	54	677
18532	54	563
18533	54	766
18534	54	87
18535	54	228
18536	54	729
18537	54	334
18538	54	721
18539	54	736
18540	54	548
18541	54	1216
18542	54	386
18543	54	1432
18544	54	1524
18545	54	12
18546	54	139
18547	54	1002
18548	54	1576
18549	54	265
18550	54	422
18551	54	257
18552	54	1367
18553	54	10
18554	54	302
18555	54	66
18556	54	1191
18557	54	837
18558	54	379
18559	54	327
18560	54	847
18561	54	1278
18562	54	650
18563	54	1483
18564	54	947
18565	54	679
18566	54	8
18567	54	119
18568	54	361
18569	54	77
18570	54	251
18571	54	1405
18572	54	700
18573	54	118
18574	54	705
18575	54	239
18576	54	140
18577	54	503
18578	54	964
18579	54	547
18580	54	62
18581	54	1366
18582	54	706
18583	54	1164
18584	54	1112
18585	54	1309
18586	54	790
18587	54	636
18588	54	258
18589	54	1190
18590	54	1275
18591	54	1159
18592	54	1219
18593	54	3
18594	54	1548
18595	54	782
18596	54	1053
18597	54	277
18598	54	669
18599	54	731
18600	54	1117
18601	54	1122
18602	54	520
18603	54	214
18604	54	808
18605	54	612
18606	54	474
18607	54	217
18608	54	1180
18609	54	455
18610	54	539
18611	54	475
18612	54	613
18613	54	713
18614	54	55
18615	54	440
18616	54	950
18617	54	1222
18618	54	255
18619	54	38
18620	54	976
18621	54	884
18622	54	568
18623	54	395
18624	54	65
18625	54	1295
18626	54	869
18627	54	1265
18628	54	310
18629	54	295
18630	54	197
18631	54	49
18632	54	846
18633	54	542
18634	54	58
18635	54	178
18636	54	955
18637	54	893
18638	54	977
18639	54	828
18640	54	321
18641	54	900
18642	54	238
18643	54	234
18644	54	806
18645	54	236
18646	54	814
18647	54	1041
18648	54	331
18649	54	1234
18650	54	1086
18651	54	528
18652	54	1212
18653	54	343
18654	54	545
18655	54	204
18656	54	890
18657	54	616
18658	54	684
18659	54	44
18660	54	554
18661	54	1028
18662	54	1253
18663	54	487
18664	54	687
18665	54	306
18666	54	917
18667	54	42
18668	54	1493
18669	54	519
18670	54	795
18671	54	382
18672	54	691
18673	54	109
18674	54	1381
18675	54	391
18676	54	157
18677	54	145
18678	54	200
18679	54	1263
18680	54	741
18681	54	97
18682	54	873
18683	54	181
18684	54	73
18685	54	1406
18686	54	655
18687	55	50
18688	55	6
18689	55	16
18690	55	66
18691	55	133
18692	55	197
18693	55	117
18694	55	1112
18695	55	106
18696	55	17
18697	55	97
18698	55	640
18699	55	987
18700	55	664
18701	55	418
18702	55	55
18703	55	379
18704	55	87
18705	55	576
18706	55	404
18707	55	544
18708	55	621
18709	55	65
18710	55	173
18711	55	360
18712	55	1215
18713	55	18
18714	55	311
18715	55	1456
18716	55	272
18717	55	49
18718	55	211
18719	55	5
18720	55	252
18721	55	860
18722	55	827
18723	55	951
18724	55	62
18725	55	236
18726	55	1482
18727	55	901
18728	55	31
18729	55	361
18730	55	70
18731	55	764
18732	55	72
18733	55	91
18734	55	90
18735	55	1013
18736	55	3
18737	55	279
18738	55	19
18739	55	143
18740	55	4
18741	55	446
18742	55	543
18743	55	426
18744	55	237
18745	55	283
18746	55	94
18747	55	790
18748	55	801
18749	55	156
18750	55	492
18751	55	11
18752	55	63
18753	55	33
18754	55	1156
18755	55	723
18756	55	269
18757	55	22
18758	55	956
18759	55	104
18760	55	146
18761	55	503
18762	55	175
18763	55	1
18764	55	191
18765	55	39
18766	55	69
18767	55	342
18768	55	1081
18769	55	1233
18770	55	434
18771	55	323
18772	55	559
18773	55	32
18774	55	76
18775	55	150
18776	55	466
18777	55	352
18778	55	123
18779	55	34
18780	55	478
18781	55	583
18782	55	590
18783	55	222
18784	55	144
18785	55	401
18786	55	135
18787	55	1514
18788	55	642
18789	55	483
18790	55	1463
18791	55	119
18792	55	763
18793	55	234
18794	55	174
18795	55	247
18796	55	1086
18797	55	1176
18798	55	58
18799	55	450
18800	55	1370
18801	55	245
18802	55	99
18803	55	467
18804	55	1247
18805	55	411
18806	55	582
18807	55	864
18808	55	273
18809	55	8
18810	55	364
18811	55	206
18812	55	562
18813	55	1242
18814	55	1396
18815	55	1537
18816	55	225
18817	55	219
18818	55	585
18819	55	1326
18820	55	395
18821	55	1206
18822	55	30
18823	55	138
18824	55	1126
18825	55	1384
18826	55	274
18827	55	1175
18828	55	1297
18829	55	98
18830	55	116
18831	55	975
18832	55	914
18833	55	186
18834	55	356
18835	55	192
18836	55	28
18837	55	828
18838	55	140
18839	55	160
18840	55	696
18841	55	1007
18842	55	1236
18843	55	992
18844	55	637
18845	55	455
18846	55	110
18847	55	727
18848	55	139
18849	55	1485
18850	55	102
18851	55	878
18852	55	333
18853	55	658
18854	55	1294
18855	55	250
18856	55	122
18857	55	77
18858	55	712
18859	55	432
18860	55	85
18861	55	114
18862	55	26
18863	55	84
18864	55	515
18865	55	328
18866	55	10
18867	55	67
18868	55	744
18869	55	1262
18870	55	1132
18871	55	591
18872	55	1327
18873	55	1029
18874	55	241
18875	55	111
18876	55	12
18877	55	125
18878	55	169
18879	55	153
18880	55	448
18881	55	412
18882	55	1163
18883	55	83
18884	55	376
18885	55	674
18886	55	218
18887	55	742
18888	55	1377
18889	55	51
18890	55	64
18891	55	59
18892	55	894
18893	55	784
18894	55	36
18895	55	986
18896	55	732
18897	55	1238
18898	55	388
18899	55	261
18900	55	486
18901	55	1265
18902	55	265
18903	55	1217
18904	55	227
18905	55	276
18906	55	1501
18907	55	979
18908	55	885
18909	55	706
18910	55	1234
18911	55	677
18912	55	182
18913	55	748
18914	55	320
18915	55	806
18916	55	345
18917	55	1250
18918	55	231
18919	55	92
18920	55	120
18921	55	686
18922	55	768
18923	55	38
18924	55	1388
18925	55	1345
18926	55	978
18927	55	88
18928	55	1065
18929	55	184
18930	55	669
18931	55	665
18932	55	847
18933	55	221
18934	55	208
18935	55	254
18936	55	79
18937	55	1299
18938	55	465
18939	55	1288
18940	55	996
18941	55	980
18942	55	762
18943	55	786
18944	55	243
18945	55	324
18946	55	701
18947	55	189
18948	55	438
18949	55	181
18950	55	495
18951	55	29
18952	55	1293
18953	55	1219
18954	55	381
18955	55	1095
18956	55	7
18957	55	41
18958	55	952
18959	55	905
18960	55	292
18961	55	134
18962	55	1000
18963	55	347
18964	55	724
18965	55	461
18966	55	597
18967	55	1118
18968	55	739
18969	55	1228
18970	55	957
18971	55	325
18972	55	141
18973	55	831
18974	55	1589
18975	55	995
18976	55	754
18977	55	1279
18978	55	121
18979	55	717
18980	55	713
18981	55	179
18982	55	959
18983	55	865
18984	55	357
18985	55	326
18986	55	643
18987	55	128
18988	55	338
18989	55	884
18990	55	1204
18991	55	1221
18992	55	711
18993	55	410
18994	55	240
18995	55	440
18996	55	1063
18997	55	389
18998	55	431
18999	55	15
19000	55	309
19001	55	1252
19002	55	1590
19003	55	1248
19004	55	131
19005	55	673
19006	55	647
19007	55	157
19008	55	1140
19009	55	1102
19010	55	126
19011	55	1239
19012	55	936
19013	55	145
19014	55	796
19015	55	142
19016	55	695
19017	55	907
19018	55	375
19019	55	1402
19020	55	842
19021	55	610
19022	55	923
19023	55	1398
19024	55	692
19025	55	204
19026	55	1149
19027	55	280
19028	55	1591
19029	55	815
19030	55	1128
19031	55	719
19032	55	238
19033	55	1243
19034	55	950
19035	55	817
19036	55	1038
19037	55	149
19038	55	1123
19039	55	1166
19040	55	856
19041	55	1269
19042	55	684
19043	55	917
19044	55	803
19045	55	78
19046	55	310
19047	55	40
19048	55	838
19049	55	469
19050	55	618
19051	55	1222
19052	55	1142
19053	55	1406
19054	55	25
19055	55	937
19056	55	1005
19057	55	437
19058	55	814
19059	55	1079
19060	55	913
19061	55	314
19062	55	1066
19063	55	334
19064	55	1152
19065	55	797
19066	55	1173
19067	55	105
19068	55	570
19069	55	782
19070	55	1481
19071	55	977
19072	55	1498
19073	55	722
19074	55	298
19075	55	1218
19076	55	130
19077	55	789
19078	55	60
19079	55	1405
19080	55	405
19081	55	568
19082	55	900
19083	55	935
19084	55	129
19085	55	1226
19086	55	430
19087	55	93
19088	55	154
19089	55	505
19090	55	21
19091	55	54
19092	55	155
19093	55	1374
19094	55	1097
19095	55	14
19096	55	771
19097	55	278
19098	55	955
19099	55	968
19100	55	938
19101	55	43
19102	55	973
19103	55	769
19104	55	56
19105	55	302
19106	55	630
19107	55	1309
19108	55	13
19109	55	344
19110	55	20
19111	55	115
19112	55	71
19113	55	1042
19114	55	1094
19115	55	1597
19116	55	81
19117	55	399
19118	55	493
19119	55	454
19120	55	1161
19121	55	942
19122	55	161
19123	55	187
19124	55	1586
19125	55	988
19126	55	1043
19127	55	650
19128	55	1019
19129	55	552
19130	55	691
19131	55	1058
19132	55	954
19133	55	785
19134	55	477
19135	55	1147
19136	55	648
19137	55	991
19138	55	633
19139	55	820
19140	55	1110
19141	55	616
19142	55	964
19143	55	285
19144	55	1241
19145	55	631
19146	55	720
19147	55	595
19148	55	251
19149	55	525
19150	55	73
19151	55	1220
19152	55	330
19153	55	843
19154	55	496
19155	55	471
19156	55	203
19157	55	1283
19158	55	776
19159	55	271
19160	55	1302
19161	55	1275
19162	55	1305
19163	55	473
19164	55	883
19165	55	213
19166	55	167
19167	55	489
19168	55	393
19169	55	103
19170	55	627
19171	55	229
19172	55	1246
19173	55	255
19174	55	840
19175	55	445
19176	55	107
19177	55	42
19178	55	600
19179	55	118
19180	55	382
19181	55	841
19182	55	989
19183	55	1433
19184	55	190
19185	55	765
19186	55	1276
19187	55	1037
19188	55	1263
19189	55	1397
19190	55	539
19191	55	1159
19192	55	903
19193	55	75
19194	55	267
19195	55	531
19196	55	547
19197	55	196
19198	55	652
19199	55	441
19200	55	741
19201	55	306
19202	55	863
19203	55	164
19204	55	80
19205	55	408
19206	55	646
19207	55	86
19208	55	1087
19209	55	891
19210	55	327
19211	55	1555
19212	55	228
19213	55	611
19214	55	557
19215	55	870
19216	55	1035
19217	55	429
19218	55	124
19219	55	661
19220	55	2
19221	55	57
19222	55	275
19223	55	962
19224	55	1034
19225	55	809
19226	55	645
19227	55	516
19228	55	698
19229	55	615
19230	55	767
19231	55	1224
19232	55	53
19233	55	960
19234	55	367
19235	55	1278
19236	55	1089
19237	55	849
19238	55	715
19239	55	1027
19240	55	1557
19241	55	24
19242	55	239
19243	55	521
19244	55	380
19245	55	286
19246	55	407
19247	55	916
19248	55	424
19249	55	74
19250	55	433
19251	55	811
19252	55	808
19253	55	1021
19254	55	871
19255	55	61
19256	55	915
19257	55	249
19258	55	1303
19259	55	295
19260	55	766
19261	55	1036
19262	55	1459
19263	55	755
19264	55	1354
19265	55	946
19266	55	535
19267	55	1409
19268	55	1385
19269	55	321
19270	56	17
19271	56	269
19272	56	143
19273	56	70
19274	56	123
19275	56	18
19276	56	25
19277	56	19
19278	56	72
19279	56	7
19280	56	59
19281	56	650
19282	56	279
19283	56	157
19284	56	737
19285	56	320
19286	56	231
19287	56	102
19288	56	552
19289	56	203
19290	56	175
19291	56	996
19292	56	121
19293	56	50
19294	56	640
19295	56	515
19296	56	1156
19297	56	466
19298	56	619
19299	56	544
19300	56	26
19301	56	69
19302	56	34
19303	56	310
19304	56	31
19305	56	959
19306	56	6
19307	56	56
19308	56	110
19309	56	54
19310	56	174
19311	56	448
19312	56	16
19313	56	71
19314	56	81
19315	56	197
19316	56	819
19317	56	748
19318	56	492
19319	56	328
19320	56	327
19321	56	842
19322	56	22
19323	56	251
19324	56	150
19325	56	51
19326	56	33
19327	56	4
19328	56	32
19329	56	94
19330	56	404
19331	56	308
19332	56	698
19333	56	144
19334	56	191
19335	56	210
19336	56	438
19337	56	293
19338	56	469
19339	56	664
19340	56	1043
19341	56	826
19342	56	850
19343	56	723
19344	56	135
19345	56	888
19346	56	976
19347	56	944
19348	56	753
19349	56	261
19350	56	412
19351	56	585
19352	56	350
19353	56	61
19354	56	399
19355	56	1370
19356	56	11
19357	56	1042
19358	56	3
19359	56	38
19360	56	192
19361	56	478
19362	56	133
19363	56	376
19364	56	461
19365	56	112
19366	56	687
19367	56	796
19368	56	265
19369	56	445
19370	56	386
19371	56	323
19372	56	764
19373	56	464
19374	56	1152
19375	56	128
19376	56	809
19377	56	302
19378	56	795
19379	56	597
19380	56	1026
19381	56	15
19382	56	756
19383	56	1037
19384	56	296
19385	56	401
19386	56	252
19387	56	1357
19388	56	284
19389	56	812
19390	56	352
19391	56	196
19392	56	78
19393	56	1272
19394	56	1032
19395	56	884
19396	56	120
19397	56	171
19398	56	41
19399	56	1100
19400	56	417
19401	56	418
19402	56	898
19403	56	609
19404	56	343
19405	56	769
19406	56	950
19407	56	790
19408	56	314
19409	56	306
19410	56	21
19411	56	963
19412	56	218
19413	56	28
19414	56	960
19415	56	1456
19416	56	538
19417	56	526
19418	56	871
19419	56	706
19420	56	114
19421	56	642
19422	56	975
19423	56	222
19424	56	153
19425	56	227
19426	56	1219
19427	56	1004
19428	56	219
19429	56	146
19430	56	87
19431	56	1285
19432	56	161
19433	56	454
19434	56	765
19435	56	118
19436	56	424
19437	56	39
19438	56	189
19439	56	467
19440	56	186
19441	56	10
19442	56	311
19443	56	468
19444	56	901
19445	56	1132
19446	56	66
19447	56	1293
19448	56	122
19449	56	495
19450	56	893
19451	56	138
19452	56	1007
19453	56	116
19454	56	79
19455	56	1173
19456	56	1235
19457	56	582
19458	56	1113
19459	56	295
19460	56	801
19461	56	863
19462	56	76
19463	56	156
19464	56	228
19465	56	1297
19466	56	500
19467	56	1234
19468	56	846
19469	56	1257
19470	56	160
19471	56	727
19472	56	276
19473	56	876
19474	56	1228
19475	56	413
19476	56	255
19477	56	43
19478	56	1431
19479	56	522
19480	56	173
19481	56	9
19482	56	503
19483	56	699
19484	56	5
19485	56	547
19486	56	229
19487	56	731
19488	56	695
19489	56	333
19490	56	1222
19491	56	234
19492	56	972
19493	56	866
19494	56	686
19495	56	751
19496	56	507
19497	56	1585
19498	56	253
19499	56	422
19500	56	977
19501	56	206
19502	56	379
19503	56	36
19504	56	1
19505	56	111
19506	56	250
19507	56	1236
19508	56	1365
19509	56	283
19510	56	254
19511	56	674
19512	56	1265
19513	56	125
19514	56	385
19515	56	377
19516	56	139
19517	56	1149
19518	56	1060
19519	56	618
19520	56	1233
19521	56	201
19522	56	442
19523	56	732
19524	56	97
19525	56	961
19526	56	83
19527	56	1063
19528	56	1432
19529	56	273
19530	56	1243
19531	56	744
19532	56	505
19533	56	106
19534	56	1587
19535	56	53
19536	56	235
19537	56	55
19538	56	1216
19539	56	274
19540	56	768
19541	56	24
19542	56	987
19543	56	711
19544	56	341
19545	56	937
19546	56	465
19547	56	615
19548	56	450
19549	56	434
19550	56	286
19551	56	621
19552	56	1242
19553	56	1588
19554	56	166
19555	56	92
19556	56	750
19557	56	247
19558	56	1373
19559	56	488
19560	56	1094
19561	56	140
19562	56	981
19563	56	543
19564	56	806
19565	56	48
19566	56	1016
19567	56	129
19568	56	539
19569	56	923
19570	56	1014
19571	56	90
19572	56	409
19573	56	738
19574	56	29
19575	56	294
19576	56	913
19577	56	1382
19578	56	104
19579	56	489
19580	56	280
19581	56	651
19582	56	126
19583	56	363
19584	56	1204
19585	56	823
19586	56	676
19587	56	1221
19588	56	668
19589	56	12
19590	56	1102
19591	56	88
19592	56	848
19593	56	900
19594	56	212
19595	56	487
19596	56	528
19597	56	1253
19598	56	588
19599	56	770
19600	56	44
19601	56	75
19602	56	536
19603	56	63
19604	56	568
19605	56	80
19606	56	523
19607	56	815
19608	56	30
19609	56	1087
19610	56	988
19611	56	1074
19612	56	665
19613	56	1374
19614	56	949
19615	56	326
19616	56	155
19617	56	868
19618	56	1025
19619	56	358
19620	56	684
19621	56	236
19622	56	742
19623	56	82
19624	56	463
19625	56	559
19626	56	836
19627	56	132
19628	56	811
19629	56	151
19630	56	717
19631	56	486
19632	56	356
19633	56	718
19634	56	616
19635	56	474
19636	56	1247
19637	56	168
19638	56	1000
19639	56	883
19640	56	57
19641	56	113
19642	56	109
19643	56	545
19644	56	914
19645	56	877
19646	56	1295
19647	56	1507
19648	56	145
19649	56	1542
19650	56	136
19651	56	935
19652	56	91
19653	56	1180
19654	56	49
19655	56	783
19656	56	375
19657	56	586
19658	56	142
19659	56	816
19660	56	1036
19661	56	1454
19662	56	169
19663	56	551
19664	56	1212
19665	56	655
19666	56	105
19667	56	426
19668	56	52
19669	56	318
19670	56	840
19671	56	636
19672	56	77
19673	56	494
19674	56	395
19675	56	208
19676	56	65
19677	56	345
19678	56	670
19679	56	298
19680	56	1571
19681	56	749
19682	56	107
19683	56	432
19684	56	421
19685	56	187
19686	56	681
19687	56	475
19688	56	1103
19689	56	433
19690	56	980
19691	56	955
19692	56	773
19693	56	892
19694	56	617
19695	56	462
19696	56	351
19697	56	8
19698	56	708
19699	56	86
19700	56	696
19701	56	719
19702	56	1124
19703	56	864
19704	56	360
19705	56	973
19706	56	1583
19707	56	828
19708	56	20
19709	56	361
19710	56	637
19711	56	995
19712	56	334
19713	56	1029
19714	56	969
19715	56	430
19716	56	771
19717	56	1367
19718	56	1333
19719	56	258
19720	56	398
19721	56	766
19722	56	181
19723	56	117
19724	56	525
19725	56	40
19726	56	583
19727	56	96
19728	56	1366
19729	56	119
19730	56	519
19731	56	1096
19732	56	1181
19733	56	1303
19734	56	1044
19735	56	739
19736	56	1344
19737	56	1452
19738	56	382
19739	56	1057
19740	56	579
19741	56	1407
19742	56	332
19743	56	267
19744	56	776
19745	56	1011
19746	56	573
19747	56	797
19748	56	1158
19749	56	1023
19750	56	1342
19751	56	1594
19752	56	176
19753	56	778
19754	56	237
19755	56	1326
19756	56	1226
19757	56	202
19758	56	691
19759	56	1453
19760	56	416
19761	56	74
19762	56	1352
19763	56	1165
19764	56	410
19765	56	589
19766	56	158
19767	56	734
19768	56	185
19769	56	393
19770	56	643
19771	56	648
19772	56	336
19773	56	1493
19774	56	141
19775	56	1438
19776	56	1289
19777	56	414
19778	56	1095
19779	56	1170
19780	56	1231
19781	56	1039
19782	56	1315
19783	56	740
19784	56	301
19785	56	85
19786	56	1137
19787	56	291
19788	56	782
19789	56	1353
19790	56	805
19791	56	62
19792	56	1081
19793	56	1250
19794	56	594
19795	56	509
19796	56	1364
19797	56	42
19798	56	1405
19799	56	633
19800	56	1065
19801	56	1309
19802	56	663
19803	56	162
19804	56	60
19805	56	1317
19806	56	1179
19807	56	775
19808	56	159
19809	56	557
19810	56	1052
19811	56	506
19812	56	148
19813	56	73
19814	56	232
19815	56	1006
19816	56	759
19817	56	565
19818	56	238
19819	56	1459
19820	56	713
19821	56	1275
19822	56	1262
19823	56	1019
19824	56	683
19825	56	1276
19826	56	1218
19827	56	1126
19828	56	1378
19829	56	1472
19830	56	498
19831	56	449
19832	56	1084
19833	56	1120
19834	56	1483
19835	56	971
19836	56	1393
19837	56	1595
19838	56	784
19839	56	843
19840	56	600
19841	56	721
19842	56	98
19843	56	810
19844	56	242
19845	56	741
19846	56	58
19847	56	535
19848	56	907
19849	56	1049
19850	56	405
19851	56	292
19852	56	654
19853	56	193
19854	56	1386
19855	56	662
19856	56	837
19857	56	1413
19858	56	612
19859	56	1596
19860	56	679
19861	56	1059
19862	56	922
19863	56	767
19864	56	869
19865	56	540
19866	56	1455
19867	56	325
19868	56	290
19869	56	149
19870	56	591
19871	56	592
19872	57	17
19873	57	59
19874	57	191
19875	57	540
19876	57	102
19877	57	432
19878	57	771
19879	57	283
19880	57	474
19881	57	81
19882	57	393
19883	57	905
19884	57	744
19885	57	748
19886	57	269
19887	57	18
19888	57	56
19889	57	146
19890	57	72
19891	57	16
19892	57	216
19893	57	856
19894	57	203
19895	57	22
19896	57	43
19897	57	492
19898	57	135
19899	57	51
19900	57	987
19901	57	110
19902	57	384
19903	57	4
19904	57	50
19905	57	26
19906	57	683
19907	57	732
19908	57	149
19909	57	247
19910	57	11
19911	57	32
19912	57	70
19913	57	219
19914	57	218
19915	57	944
19916	57	422
19917	57	161
19918	57	465
19919	57	398
19920	57	160
19921	57	144
19922	57	688
19923	57	292
19924	57	333
19925	57	277
19926	57	900
19927	57	231
19928	57	821
19929	57	907
19930	57	1002
19931	57	329
19932	57	186
19933	57	865
19934	57	63
19935	57	221
19936	57	674
19937	57	5
19938	57	280
19939	57	597
19940	57	547
19941	57	756
19942	57	103
19943	57	570
19944	57	38
19945	57	852
19946	57	308
19947	57	39
19948	57	7
19949	57	385
19950	57	76
19951	57	234
19952	57	181
19953	57	485
19954	57	189
19955	57	344
19956	57	797
19957	57	419
19958	57	853
19959	57	1247
19960	57	750
19961	57	132
19962	57	670
19963	57	206
19964	57	156
19965	57	1262
19966	57	173
19967	57	1066
19968	57	1047
19969	57	646
19970	57	143
19971	57	735
19972	57	266
19973	57	137
19974	57	1102
19975	57	123
19976	57	1231
19977	57	816
19978	57	1310
19979	57	452
19980	57	831
19981	57	1514
19982	57	950
19983	57	272
19984	57	906
19985	57	121
19986	57	496
19987	57	828
19988	57	147
19989	57	525
19990	57	27
19991	57	25
19992	57	693
19993	57	250
19994	57	996
19995	57	400
19996	57	936
19997	57	1165
19998	57	254
19999	57	294
20000	57	914
20001	57	764
20002	57	505
20003	57	1228
20004	57	330
20005	57	446
20006	57	274
20007	57	77
20008	57	1175
20009	57	883
20010	57	204
20011	57	462
20012	57	468
20013	57	273
20014	57	317
20015	57	392
20016	57	404
20017	58	55
20018	58	1
20019	58	269
20020	58	18
20021	58	42
20022	58	17
20023	58	868
20024	58	744
20025	58	1269
20026	58	59
20027	58	138
20028	58	1218
20029	58	654
20030	58	22
20031	58	789
20032	58	723
20033	58	19
20034	58	56
20035	58	191
20036	58	1087
20037	58	450
20038	58	186
20039	58	778
20040	58	516
20041	58	281
20042	58	231
20043	58	221
20044	58	144
20045	58	642
20046	58	114
20047	58	76
20048	58	673
20049	58	337
20050	58	97
20051	58	177
20052	58	27
20053	58	1093
20054	58	1165
20055	58	323
20056	58	683
20057	58	277
20058	58	222
20059	58	422
20060	58	320
20061	58	314
20062	58	313
20063	58	306
20064	58	399
20065	58	729
20066	58	769
20067	58	412
20068	58	25
20069	58	905
20070	58	143
20071	58	54
20072	58	748
20073	58	91
20074	58	987
20075	58	329
20076	58	65
20077	58	51
20078	58	1112
20079	58	870
20080	58	734
20081	58	157
20082	58	94
20083	58	382
20084	58	860
20085	58	1506
20086	58	333
20087	58	149
20088	58	5
20089	58	26
20090	58	401
20091	58	361
20092	58	30
20093	58	884
20094	58	923
20095	58	869
20096	58	1513
20097	58	190
20098	58	257
20099	58	250
20100	58	1511
20101	58	968
20102	58	121
20103	58	343
20104	58	815
20105	58	209
20106	58	686
20107	58	164
20108	58	274
20109	58	459
20110	58	513
20111	58	175
20112	58	251
20113	58	666
20114	58	1297
20115	58	1181
20116	58	1391
20117	58	814
20118	58	228
20119	58	1173
20120	58	364
20121	58	556
20122	58	6
20123	58	365
20124	58	668
20125	58	253
20126	58	1271
20127	58	4
20128	58	173
20129	58	454
20130	58	1146
20131	58	238
20132	58	576
20133	58	145
20134	58	1143
20135	58	214
20136	58	920
20137	58	1370
20138	58	395
20139	58	1128
20140	58	620
20141	58	1084
20142	58	102
20143	58	1132
20144	58	436
20145	58	37
20146	58	78
20147	58	379
20148	58	862
20149	58	110
20150	58	10
20151	58	141
20152	58	219
20153	58	552
20154	58	492
20155	58	503
20156	58	1542
20157	58	742
20158	58	161
20159	58	156
20160	58	8
20161	58	345
20162	58	1029
20163	58	404
20164	58	597
20165	58	692
20166	58	234
20167	58	616
20168	58	302
20169	58	647
20170	58	587
20171	58	57
20172	58	286
20173	58	146
20174	58	1089
20175	58	702
20176	58	174
20177	58	1117
20178	58	246
20179	58	1115
20180	58	265
20181	58	1120
20182	58	70
20183	58	111
20184	58	203
20185	58	1038
20186	58	1285
20187	58	1243
20188	58	285
20189	58	148
20190	58	150
20191	58	64
20192	58	954
20193	58	171
20194	58	105
20195	58	1459
20196	58	83
20197	58	573
20198	58	689
20199	58	913
20200	58	227
20201	58	935
20202	58	133
20203	58	248
20204	58	53
20205	58	86
20206	58	311
20207	58	964
20208	58	430
20209	58	2
20210	58	50
20211	58	328
20212	58	865
20213	58	471
20214	58	71
20215	58	646
20216	58	619
20217	58	244
20218	58	765
20219	58	907
20220	58	563
20221	58	898
20222	58	35
20223	58	1307
20224	58	467
20225	58	494
20226	58	699
20227	58	806
20228	58	478
20229	58	1474
20230	58	971
20231	58	153
20232	58	280
20233	58	679
20234	58	310
20235	58	828
20236	58	296
20237	58	309
20238	58	129
20239	58	1296
20240	58	714
20241	58	155
20242	58	626
20243	58	12
20244	58	535
20245	58	610
20246	58	711
20247	58	857
20248	58	34
20249	58	962
20250	58	434
20251	58	681
20252	58	90
20253	58	326
20254	58	449
20255	58	79
20256	58	511
20257	58	39
20258	58	159
20259	58	61
20260	58	192
20261	58	570
20262	58	783
20263	58	880
20264	58	16
20265	58	325
20266	59	442
20267	59	61
20268	59	238
20269	59	32
20270	59	200
20271	59	585
20272	59	563
20273	59	90
20274	59	764
20275	59	933
20276	59	1175
20277	59	352
20278	59	993
20279	59	37
20280	59	87
20281	59	434
20282	59	1236
20283	59	616
20284	59	121
20285	59	1328
20286	59	2
20287	59	243
20288	59	49
20289	59	1435
20290	59	34
20291	59	407
20292	59	63
20293	59	283
20294	59	17
20295	59	72
20296	59	765
20297	59	1042
20298	59	157
20299	59	55
20300	59	326
20301	59	261
20302	59	70
20303	59	1163
20304	59	341
20305	59	19
20306	59	742
20307	59	1070
20308	59	1053
20309	59	22
20310	59	797
20311	59	269
20312	59	547
20313	59	1021
20314	59	987
20315	59	30
20316	59	1403
20317	59	102
20318	59	219
20319	59	431
20320	59	1250
20321	59	144
20322	59	324
20323	59	54
20324	59	53
20325	59	4
20326	59	1432
20327	59	744
20328	59	92
20329	59	637
20330	59	180
20331	59	706
20332	59	410
20333	59	6
20334	59	122
20335	59	1384
20336	59	360
20337	59	221
20338	59	111
20339	59	114
20340	59	117
20341	59	1598
20342	59	913
20343	59	300
20344	59	186
20345	59	842
20346	59	544
20347	59	135
20348	59	806
20349	59	464
20350	59	1571
20351	59	1534
20352	59	592
20353	59	1
20354	59	10
20355	59	1549
20356	59	125
20357	59	1031
20358	59	69
20359	59	1599
20360	59	334
20361	59	3
20362	59	1086
20363	59	31
20364	59	173
20365	59	465
20366	59	399
20367	59	229
20368	59	727
20369	59	357
20370	59	1254
20371	59	133
20372	59	996
20373	59	333
20374	59	905
20375	59	866
20376	59	15
20377	59	815
20378	59	941
20379	59	236
20380	59	196
20381	59	131
20382	59	250
20383	59	1243
20384	59	885
20385	59	982
20386	59	139
20387	59	610
20388	59	79
20389	59	884
20390	59	164
20391	59	454
20392	59	1038
20393	59	1043
20394	59	33
20395	59	146
20396	59	18
20397	59	191
20398	59	717
20399	59	896
20400	59	36
20401	59	140
20402	59	106
20403	59	257
20404	59	865
20405	59	452
20406	59	492
20407	59	665
20408	59	262
20409	59	445
20410	59	374
20411	59	606
20412	59	810
20413	59	881
20414	59	234
20415	59	320
20416	59	731
20417	59	808
20418	59	457
20419	59	1269
20420	59	748
20421	59	735
20422	59	914
20423	59	66
20424	59	771
20425	59	701
20426	59	58
20427	59	573
20428	59	67
20429	59	939
20430	59	438
20431	59	838
20432	59	39
20433	59	1032
20434	59	582
20435	59	143
20436	59	181
20437	59	1266
20438	59	959
20439	59	495
20440	59	382
20441	59	856
20442	59	405
20443	59	1117
20444	59	120
20445	59	91
20446	59	1291
20447	59	301
20448	59	738
20449	59	503
20450	59	576
20451	59	860
20452	59	113
20453	59	265
20454	59	1593
20455	59	190
20456	59	1206
20457	59	231
20458	59	561
20459	59	240
20460	59	619
20461	59	505
20462	59	756
20463	59	800
20464	59	975
20465	59	647
20466	59	306
20467	59	1102
20468	59	279
20469	59	1459
20470	59	286
20471	59	468
20472	59	595
20473	59	826
20474	59	681
20475	59	255
20476	59	1189
20477	59	175
20478	59	954
20479	59	222
20480	59	466
20481	59	317
20482	59	783
20483	59	769
20484	59	973
20485	59	475
20486	59	274
20487	59	1309
20488	59	515
20489	59	782
20490	59	1262
20491	59	1233
20492	59	302
20493	59	129
20494	59	1564
20495	59	130
20496	59	620
20497	59	1226
20498	59	1303
20499	59	925
20500	59	478
20501	59	552
20502	59	1600
20503	59	414
20504	59	1253
20505	59	228
20506	59	1437
20507	59	1601
20508	59	325
20509	59	379
20510	59	956
20511	59	94
20512	59	11
20513	59	292
20514	59	636
20515	59	338
20516	59	280
20517	59	50
20518	59	1463
20519	59	789
20520	59	5
20521	59	682
20522	59	41
20523	59	74
20524	59	562
20525	59	1215
20526	59	246
20527	59	398
20528	59	834
20529	59	790
20530	59	687
20531	59	649
20532	59	273
20533	59	182
20534	59	241
20535	59	1381
20536	59	1602
20537	59	128
20538	59	20
20539	59	167
20540	59	110
20541	59	1002
20542	59	1466
20543	59	784
20544	59	674
20545	59	668
20546	59	347
20547	59	1603
20548	59	136
20549	59	1209
20550	59	1095
20551	59	981
20552	59	108
20553	59	830
20554	59	227
20555	59	633
20556	59	1326
20557	59	643
20558	59	1235
20559	59	76
20560	59	463
20561	59	1604
20562	59	1054
20563	59	401
20564	59	422
20565	59	211
20566	59	24
20567	59	123
20568	59	318
20569	59	477
20570	59	535
20571	59	1023
