rowcode	selection	commodity
32968	86	19
32969	86	10
32970	86	186
32971	86	817
32972	86	695
32973	86	140
32974	86	360
32975	86	111
32976	86	381
32977	86	20
32978	86	43
32979	86	182
32980	86	1063
32981	86	810
32982	86	83
32983	86	286
32984	86	1326
32985	86	17
32986	86	1008
32987	86	174
32988	86	1289
32989	86	996
32990	86	898
32991	86	240
32992	86	156
32993	86	66
32994	86	446
32995	86	87
32996	86	203
32997	86	39
32998	86	294
32999	86	717
33000	86	552
33001	86	159
33002	86	432
33003	86	768
33004	86	41
33005	86	568
33006	86	352
33007	86	775
33008	86	516
33009	86	1214
33010	86	1
33011	86	341
33012	86	1212
33013	86	70
33014	86	1026
33015	86	283
33016	86	474
33017	86	370
33018	86	884
33019	86	471
33020	86	682
33021	86	1081
33022	86	293
33023	86	345
33024	86	735
33025	86	466
33026	86	642
33027	86	1102
33028	86	753
33029	86	171
33030	86	122
33031	86	809
33032	86	18
33033	86	146
33034	86	467
33035	86	3
33036	86	150
33037	86	984
33038	86	135
33039	86	238
33040	86	144
33041	86	650
33042	86	795
33043	86	766
33044	86	206
33045	86	627
33046	86	50
33047	86	372
33048	86	1250
33049	86	515
33050	86	980
33051	86	509
33052	86	320
33053	86	38
33054	86	265
33055	86	129
33056	86	956
33057	86	1459
33058	86	55
33059	86	414
33060	86	916
33061	86	741
33062	86	937
33063	86	679
33064	86	379
33065	86	228
33066	86	1639
33067	86	248
33068	86	404
33069	86	154
33070	86	65
33071	86	234
33072	86	120
33073	86	418
33074	86	105
33075	86	688
33076	86	698
33077	86	1132
33078	86	841
33079	86	863
33080	86	173
33081	86	770
33082	86	69
33083	86	398
33084	86	107
33085	86	261
33086	86	835
33087	86	1004
33088	86	77
33089	86	901
33090	86	805
33091	86	544
33092	86	117
33093	86	476
33094	86	36
33095	86	556
33096	86	204
33097	86	641
33098	86	896
33099	86	1146
33100	86	525
33101	86	422
33102	86	917
33103	86	155
33104	86	11
33105	86	977
33106	86	53
33107	86	181
33108	86	769
33109	86	32
33110	86	2
33111	86	1219
33112	86	91
33113	86	251
33114	86	110
33115	86	1370
33116	86	894
33117	86	1276
33118	86	196
33119	86	923
33120	86	348
33121	86	97
33122	86	382
33123	86	449
33124	86	279
33125	86	49
33126	86	1060
33127	86	1252
33128	86	148
33129	86	656
33130	86	22
33131	86	211
33132	86	57
33133	86	116
33134	86	1222
33135	86	1068
33136	86	492
33137	86	890
33138	86	1041
33139	86	86
33140	86	308
33141	86	175
33142	86	508
33143	86	269
33144	86	231
33145	86	808
33146	86	219
33147	86	609
33148	86	447
33149	86	113
33150	86	268
33151	86	1184
33152	86	1253
33153	86	121
33154	86	139
33155	86	161
33156	86	168
33157	86	469
33158	86	567
33159	86	664
33160	86	13
33161	86	31
33162	86	126
33163	86	654
33164	86	434
33165	86	954
33166	86	696
33167	86	684
33168	86	296
33169	86	856
33170	86	528
33171	86	748
33172	86	909
33173	86	5
33174	86	25
33175	86	463
33176	86	824
33177	86	812
33178	86	450
33179	86	487
33180	86	389
33181	86	328
33182	86	438
33183	86	850
33184	86	597
33185	86	790
33186	86	988
33187	86	1173
33188	86	987
33189	86	1108
33190	86	247
33191	86	978
33192	86	1248
33193	86	71
33194	86	143
33195	86	346
33196	86	975
33197	86	6
33198	86	652
33199	86	971
33200	86	687
33201	86	270
33202	86	1227
33203	86	1005
33204	86	192
33205	86	1016
33206	86	336
33207	86	844
33208	86	134
33209	86	1241
33210	86	666
33211	86	16
33212	86	1220
33213	86	673
33214	86	554
33215	86	1218
33216	86	1498
33217	86	1462
33218	86	541
33219	86	1084
33220	86	981
33221	86	993
33222	86	676
33223	86	375
33224	86	1166
33225	86	489
33226	86	1105
33227	86	945
33228	86	1715
33229	86	310
33230	86	832
33231	86	953
33232	86	611
33233	86	132
33234	86	1717
33235	86	237
33236	86	969
33237	86	306
33238	86	711
33239	86	935
33240	86	327
33241	86	262
33242	86	853
33243	86	102
33244	86	413
33245	86	227
33246	86	44
33247	86	772
33248	86	410
33249	86	52
33250	86	34
33251	86	218
33252	86	4
33253	86	1076
33254	86	628
33255	86	409
33256	86	1121
33257	86	864
33258	86	131
33259	86	220
33260	86	376
33261	86	222
33262	86	72
33263	86	940
33264	86	302
33265	86	677
33266	86	366
33267	86	1243
33268	86	94
33269	86	256
33270	86	708
33271	86	114
33272	86	1135
33273	86	1334
33274	86	1000
33275	86	1144
33276	86	731
33277	86	289
33278	86	303
33279	86	358
33280	86	29
33281	86	686
33282	86	782
33283	86	195
33284	86	189
33285	86	520
33286	86	221
33287	86	28
33288	86	78
33289	86	631
33290	86	298
33291	86	197
33292	86	475
33293	86	406
33294	86	26
33295	86	284
33296	86	88
33297	86	1544
33298	86	545
33299	86	655
33300	86	257
33301	86	842
33302	86	1226
33303	86	115
33304	86	89
33305	86	137
33306	86	15
33307	86	455
33308	86	952
33309	86	33
33310	86	913
33311	86	1042
33312	86	1022
33313	86	620
33314	86	212
33315	86	587
33316	86	1089
33317	86	1348
33318	86	187
33319	86	318
33320	86	470
33321	86	179
33322	86	99
33323	86	45
33324	86	323
33325	86	539
33326	86	789
33327	86	751
33328	86	60
33329	86	309
33330	86	1366
33331	86	547
33332	86	253
33333	86	870
33334	86	241
33335	86	243
33336	86	180
33337	87	175
33338	87	319
33339	87	879
33340	87	898
33341	87	996
33342	87	945
33343	87	75
33344	87	842
33345	87	221
33346	87	436
33347	87	112
33348	87	954
33349	87	72
33350	87	70
33351	87	186
33352	87	17
33353	87	22
33354	87	265
33355	87	106
33356	87	618
33357	87	146
33358	87	247
33359	87	138
33360	87	1039
33361	87	331
33362	87	345
33363	87	36
33364	87	8
33365	87	1303
33366	87	379
33367	87	682
33368	87	179
33369	87	111
33370	87	34
33371	87	41
33372	87	4
33373	87	836
33374	87	208
33375	87	544
33376	87	283
33377	87	556
33378	87	98
33379	87	181
33380	87	21
33381	87	1120
33382	87	262
33383	87	466
33384	87	58
33385	87	1403
33386	87	338
33387	87	228
33388	87	310
33389	87	393
33390	87	696
33391	87	735
33392	87	85
33393	87	1165
33394	87	76
33395	87	246
33396	87	1086
33397	87	301
33398	87	789
33399	87	90
33400	87	820
33401	87	607
33402	87	1311
33403	87	71
33404	87	143
33405	87	635
33406	87	18
33407	87	91
33408	87	253
33409	87	117
33410	87	378
33411	87	3
33412	87	467
33413	87	1364
33414	87	270
33415	87	35
33416	87	1217
33417	87	360
33418	87	156
33419	87	364
33420	87	428
33421	87	419
33422	87	432
33423	87	972
33424	87	251
33425	87	586
33426	87	177
33427	87	190
33428	87	1458
33429	87	105
33430	87	1055
33431	87	375
33432	87	426
33433	87	295
33434	87	180
33435	87	19
33436	87	1
33437	87	10
33438	87	129
33439	87	39
33440	87	960
33441	87	170
33442	87	531
33443	87	14
33444	87	878
33445	87	515
33446	87	506
33447	87	252
33448	87	391
33449	87	1057
33450	87	302
33451	87	154
33452	87	347
33453	87	94
33454	87	140
33455	87	351
33456	87	966
33457	87	505
33458	87	1017
33459	87	110
33460	87	909
33461	87	713
33462	87	825
33463	87	830
33464	87	314
33465	87	534
33466	87	145
33467	87	171
33468	87	902
33469	87	55
33470	87	856
33471	87	463
33472	87	46
33473	87	561
33474	87	615
33475	87	1142
33476	87	231
33477	87	204
33478	87	286
33479	87	1073
33480	87	7
33481	87	69
33482	87	410
33483	87	158
33484	87	540
33485	87	174
33486	87	434
33487	87	336
33488	87	487
33489	87	734
33490	87	1143
33491	87	381
33492	87	652
33493	87	648
33494	87	699
33495	87	298
33496	87	206
33497	87	522
33498	87	894
33499	87	234
33500	87	120
33501	87	711
33502	87	342
33503	87	539
33504	87	750
33505	87	142
33506	87	60
33507	87	896
33508	87	1004
33509	87	442
33510	87	446
33511	87	923
33512	87	237
33513	87	512
33514	87	163
33515	87	464
33516	87	801
33517	87	1320
33518	87	448
33519	87	861
33520	87	971
33521	87	240
33522	87	559
33523	87	552
33524	87	449
33525	87	178
33526	87	1393
33527	87	771
33528	87	31
33529	87	227
33530	87	433
33531	87	866
33532	87	243
33533	87	1526
33534	87	538
33535	87	92
33536	87	528
33537	87	778
33538	87	984
33539	87	238
33540	87	461
33541	87	40
33542	87	1094
33543	87	1149
33544	87	717
33545	87	306
33546	87	422
33547	87	325
33548	87	1118
33549	87	850
33550	87	211
33551	87	166
33552	87	300
33553	87	280
33554	87	495
33555	87	483
33556	87	32
33557	87	1063
33558	87	271
33559	87	660
33560	87	88
33561	87	56
33562	87	1156
33563	87	695
33564	87	665
33565	87	719
33566	87	980
33567	87	219
33568	87	1412
33569	87	150
33570	87	647
33571	87	275
33572	87	99
33573	87	1236
33574	87	218
33575	87	430
33576	87	61
33577	87	127
33578	87	765
33579	87	616
33580	87	1294
33581	87	424
33582	87	568
33583	87	322
33584	87	1274
33585	87	589
33586	87	256
33587	87	597
33588	87	1166
33589	87	1250
33590	87	102
33591	87	1218
33592	87	684
33593	87	917
33594	87	1664
33595	87	770
33596	87	760
33597	87	384
33598	87	1038
33599	87	664
33600	87	157
33601	87	255
33602	87	513
33603	87	1148
33604	87	957
33605	87	783
33606	87	769
33607	87	57
33608	87	1382
33609	87	121
33610	87	744
33611	87	87
33612	87	414
33613	87	122
33614	87	1435
33615	87	229
33616	87	258
33617	87	827
33618	87	826
33619	87	382
33620	87	53
33621	87	1175
33622	87	1346
33623	87	168
33624	87	135
33625	87	451
33626	87	846
33627	87	1433
33628	87	212
33629	87	128
33630	87	6
33631	87	588
33632	87	370
33633	87	721
33634	87	1089
33635	87	666
33636	87	54
33637	87	656
33638	87	775
33639	87	796
33640	87	444
33641	87	191
33642	87	1273
33643	87	884
33644	87	468
33645	87	365
33646	87	346
33647	87	817
33648	87	356
33649	87	173
33650	87	679
33651	87	133
33652	87	1029
33653	87	294
33654	87	147
33655	87	242
33656	87	97
33657	87	49
33658	87	404
33659	87	236
33660	87	1239
33661	87	239
33662	87	868
33663	87	611
33664	87	548
33665	87	1328
33666	87	296
33667	87	816
33668	87	1241
33669	87	43
33670	87	876
33671	87	235
33672	87	553
33673	87	38
33674	87	1102
33675	87	768
33676	87	702
33677	87	372
33678	87	440
33679	87	563
33680	87	195
33681	87	66
33682	87	78
33683	87	562
33684	87	220
33685	87	48
33686	87	670
33687	87	2
33688	87	1257
33689	87	1363
33690	87	45
33691	87	50
33692	87	5
33693	87	431
33694	87	223
33695	87	398
33696	87	613
33697	87	167
33698	87	116
33699	87	471
33700	87	149
33701	87	274
33702	87	1644
33703	87	324
33704	87	103
33705	87	369
33706	87	333
33707	87	627
33708	87	571
33709	87	399
33710	87	477
33711	87	1339
33712	87	756
33713	87	956
33714	87	1384
33715	87	595
33716	87	100
33717	87	521
33718	87	352
33719	87	408
33720	87	405
33721	87	1215
33722	87	303
33723	87	776
33724	87	1248
33725	87	637
33726	87	1472
33727	87	64
33728	87	757
33729	87	914
33730	87	803
33731	87	779
33732	87	316
33733	87	1066
33734	87	472
33735	87	1296
33736	87	320
33737	87	1493
33738	87	547
33739	87	132
33740	87	344
33741	87	465
33742	87	429
33743	87	1356
33744	87	134
33745	87	685
33746	87	864
33747	87	1290
33748	87	663
33749	87	83
33750	87	1718
33751	87	895
33752	87	257
33753	87	993
33754	87	811
33755	87	201
33756	87	1031
33757	87	385
33758	87	1719
33759	87	456
33760	87	279
33761	87	1222
33762	87	1359
33763	87	267
33764	87	975
33765	87	1564
33766	87	182
33767	87	1569
33768	87	863
33769	87	159
33770	87	1272
33771	87	526
33772	87	738
33773	87	1590
33774	87	321
33775	87	1030
33776	87	124
33777	87	284
33778	87	293
33779	87	683
33780	87	1137
33781	87	1646
33782	87	1442
33783	87	1059
33784	87	1214
33785	87	1367
33786	87	335
33787	87	311
33788	87	1240
33789	87	1544
33790	87	25
33791	87	1058
33792	87	357
33793	87	949
33794	87	388
33795	87	1243
33796	87	841
33797	87	835
33798	87	1454
33799	87	276
33800	87	686
33801	87	1491
33802	87	16
33803	87	11
33804	87	489
33805	87	144
33806	87	1631
33807	87	790
33808	87	550
33809	87	593
33810	87	502
33811	87	937
33812	87	893
33813	87	883
33814	87	1026
33815	87	962
33816	87	520
33817	87	421
33818	87	278
33819	87	469
33820	87	332
33821	87	1022
33822	87	1326
33823	87	254
33824	87	1244
33825	87	587
33826	87	1037
33827	87	176
33828	87	1406
33829	87	877
33830	87	843
33831	87	806
33832	87	387
33833	87	802
33834	87	624
33835	87	569
33836	87	409
33837	87	1159
33838	87	880
33839	87	897
33840	87	196
33841	87	726
33842	87	809
33843	87	1551
33844	87	1009
33845	87	642
33846	87	859
33847	87	1054
33848	87	203
33849	87	1219
33850	87	109
33851	87	977
33852	87	688
33853	87	654
33854	87	1100
33855	87	1068
33856	87	1203
33857	87	193
33858	87	315
33859	87	698
33860	87	161
33861	87	867
33862	87	185
33863	88	695
33864	88	36
33865	88	751
33866	88	1323
33867	88	72
33868	88	98
33869	88	1491
33870	88	247
33871	88	342
33872	88	642
33873	88	544
33874	88	401
33875	88	975
33876	88	94
33877	88	19
33878	88	106
33879	88	187
33880	88	8
33881	88	34
33882	88	1086
33883	88	936
33884	88	190
33885	88	1250
33886	88	410
33887	88	1370
33888	88	444
33889	88	91
33890	88	22
33891	88	495
33892	88	1289
33893	88	146
33894	88	770
33895	88	13
33896	88	658
33897	88	175
33898	88	105
33899	88	937
33900	88	1214
33901	88	883
33902	88	221
33903	88	1100
33904	88	1379
33905	88	323
33906	88	5
33907	88	1006
33908	88	149
33909	88	616
33910	88	996
33911	88	6
33912	88	195
33913	88	41
33914	88	18
33915	88	378
33916	88	321
33917	88	369
33918	88	789
33919	88	1134
33920	88	1156
33921	88	375
33922	88	241
33923	88	180
33924	88	452
33925	88	835
33926	88	361
33927	88	55
33928	88	295
33929	88	1163
33930	88	392
33931	88	49
33932	88	66
33933	88	701
33934	88	54
33935	88	327
33936	88	53
33937	88	817
33938	88	607
33939	88	320
33940	88	271
33941	88	1121
33942	88	39
33943	88	173
33944	88	360
33945	88	1
33946	88	406
33947	88	461
33948	88	270
33949	88	3
33950	88	258
33951	88	619
33952	88	1192
33953	88	71
33954	88	238
33955	88	135
33956	88	828
33957	88	711
33958	88	867
33959	88	324
33960	88	12
33961	88	613
33962	88	1296
33963	88	372
33964	88	122
33965	88	265
33966	88	4
33967	88	243
33968	88	174
33969	88	568
33970	88	179
33971	88	1176
33972	88	1458
33973	88	250
33974	88	388
33975	88	657
33976	88	331
33977	88	1039
33978	88	228
33979	88	588
33980	88	277
33981	88	214
33982	88	870
33983	88	48
33984	88	377
33985	88	469
33986	88	75
33987	88	1366
33988	88	801
33989	88	348
33990	88	790
33991	88	1081
33992	88	1054
33993	88	177
33994	88	115
33995	88	565
33996	88	649
33997	88	242
33998	88	808
33999	88	466
34000	88	717
34001	88	344
34002	88	742
34003	88	879
34004	88	876
34005	88	1639
34006	88	116
34007	88	244
34008	88	359
34009	88	246
34010	88	877
34011	88	1042
34012	88	559
34013	88	194
34014	88	923
34015	88	1265
34016	88	399
34017	88	688
34018	88	878
34019	88	256
34020	88	286
34021	88	809
34022	88	698
34023	88	218
34024	88	204
34025	88	117
34026	88	15
34027	88	1067
34028	88	470
34029	88	880
34030	88	474
34031	88	97
34032	88	312
34033	88	306
34034	88	255
34035	88	266
34036	88	546
34037	88	293
34038	88	1406
34039	88	186
34040	88	795
34041	88	143
34042	88	732
34043	88	600
34044	88	1514
34045	88	1014
34046	88	239
34047	88	7
34048	88	1020
34049	88	956
34050	88	302
34051	88	189
34052	88	832
34053	88	436
34054	88	654
34055	88	903
34056	88	515
34057	88	811
34058	88	1113
34059	88	365
34060	88	782
34061	88	407
34062	88	1263
34063	88	1242
34064	88	178
34065	88	283
34066	88	70
34067	88	298
34068	88	289
34069	88	231
34070	88	446
34071	88	170
34072	88	184
34073	88	261
34074	88	1165
34075	88	315
34076	88	280
34077	88	1226
34078	88	838
34079	88	25
34080	88	768
34081	88	547
34082	88	1045
34083	88	597
34084	88	564
34085	88	345
34086	88	541
34087	88	395
34088	88	339
34089	88	251
34090	88	549
34091	88	539
34092	88	85
34093	88	1555
34094	88	794
34095	88	358
34096	88	556
34097	88	881
34098	88	525
34099	88	744
34100	88	722
34101	88	864
34102	88	1355
34103	88	1294
34104	88	158
34105	88	235
34106	88	313
34107	88	234
34108	88	216
34109	88	627
34110	88	1389
34111	88	618
34112	88	10
34113	88	1308
34114	88	140
34115	88	279
34116	88	1222
34117	88	161
34118	88	51
34119	88	357
34120	88	301
34121	88	774
34122	88	144
34123	88	318
34124	88	21
34125	88	424
34126	88	379
34127	88	924
34128	88	87
34129	88	150
34130	88	28
34131	88	233
34132	88	966
34133	88	1304
34134	88	326
34135	88	987
34136	88	60
34137	88	92
34138	88	960
34139	88	1326
34140	88	668
34141	88	1105
34142	88	467
34143	88	816
34144	88	20
34145	88	971
34146	88	571
34147	88	129
34148	88	1048
34149	88	721
34150	88	628
34151	88	806
34152	88	310
34153	88	44
34154	88	32
34155	88	818
34156	88	2
34157	88	1036
34158	88	712
34159	88	509
34160	88	83
34161	88	1408
34162	88	182
34163	88	285
34164	88	719
34165	88	393
34166	88	17
34167	88	121
34168	88	376
34169	88	50
34170	88	941
34171	88	846
34172	88	130
34173	88	1148
34174	88	648
34175	88	319
34176	88	913
34177	88	103
34178	88	1145
34179	88	1009
34180	88	486
34181	88	473
34182	88	574
34183	88	1235
34184	88	441
34185	88	1166
34186	88	120
34187	88	679
34188	88	834
34189	88	268
34190	88	267
34191	88	1057
34192	88	1219
34193	88	810
34194	88	943
34195	88	432
34196	88	111
34197	88	197
34198	88	737
34199	88	451
34200	88	1143
34201	88	1022
34202	88	802
34203	88	561
34204	88	483
34205	88	207
34206	88	560
34207	88	569
34208	88	916
34209	88	1038
34210	88	145
34211	88	278
34212	88	953
34213	88	735
34214	88	1239
34215	88	1276
34216	88	294
34217	88	16
34218	88	404
34219	88	587
34220	88	787
34221	88	686
34222	88	316
34223	88	666
34224	88	993
34225	88	1594
34226	88	27
34227	88	1218
34228	88	333
34229	88	531
34230	88	96
34231	88	102
34232	88	786
34233	88	502
34234	88	448
34235	88	1231
34236	88	771
34237	88	219
34238	88	276
34239	88	984
34240	88	252
34241	88	69
34242	88	420
34243	88	763
34244	88	431
34245	88	1026
34246	88	1431
34247	88	775
34248	88	683
34249	88	1089
34250	88	346
34251	88	38
34252	88	1185
34253	88	1122
34254	88	45
34255	88	599
34256	88	1000
34257	88	196
34258	88	981
34259	88	1230
34260	88	647
34261	88	512
34262	88	386
34263	88	171
34264	88	646
34265	88	206
34266	88	460
34267	88	245
34268	88	520
34269	88	337
34270	88	702
34271	88	384
34272	88	581
34273	88	43
34274	88	815
34275	88	128
34276	88	123
34277	88	138
34278	88	656
34279	88	1631
34280	88	682
34281	88	77
34282	88	220
34283	88	1290
34284	88	134
34285	88	296
34286	88	405
34287	88	766
34288	88	626
34289	88	888
34290	88	418
34291	88	825
34292	88	338
34293	88	1044
34294	88	284
34295	88	625
34296	88	472
34297	88	225
34298	88	1073
34299	88	715
34300	88	381
34301	88	445
34302	88	1243
34303	88	507
34304	88	156
34305	88	1063
34306	88	112
34307	88	422
34308	88	980
34309	88	797
34310	88	374
34311	88	1270
34312	88	426
34313	88	1087
34314	88	713
34315	88	505
34316	88	31
34317	88	325
34318	88	493
34319	88	29
34320	88	419
34321	88	275
34322	88	729
34323	88	86
34324	88	741
34325	88	1068
34326	88	430
34327	88	650
34328	88	998
34329	88	1439
34330	88	1059
34331	88	873
34332	88	513
34333	88	356
34334	88	749
34335	88	1295
34336	88	552
34337	88	126
34338	88	157
34339	88	1589
34340	88	909
34341	88	1221
34342	88	351
34343	88	341
34344	88	1364
34345	88	617
34346	88	456
34347	88	1071
34348	88	262
34349	88	1099
34350	88	300
34351	88	210
34352	88	332
34353	88	181
34354	88	213
34355	88	76
34356	88	352
34357	88	1072
34358	88	253
34359	88	1232
34360	88	959
34361	88	118
34362	88	615
34363	88	14
34364	88	353
34365	88	673
34366	88	988
34367	88	1661
34368	88	398
34369	88	499
34370	88	1666
34371	88	414
34372	88	841
34373	88	370
34374	88	799
34375	88	457
34376	88	355
34377	88	281
34378	88	211
34379	88	416
34380	88	257
34381	88	132
34382	88	464
34383	88	1112
34384	88	88
34385	88	1198
34386	88	1140
34387	88	223
34388	88	637
34389	88	905
34390	88	494
34391	88	477
34392	88	249
34393	88	750
34394	88	734
34395	88	1173
34396	88	592
34397	88	629
34398	88	56
34399	88	269
34400	88	166
34401	88	1248
34402	88	1027
34403	88	442
34404	88	885
34405	88	1454
34406	88	423
34407	88	387
34408	88	1035
34409	88	274
34410	88	865
34411	88	465
34412	88	288
34413	88	227
34414	88	89
34415	88	142
34416	88	967
34417	88	185
34418	88	11
34419	88	548
34420	88	670
34421	88	347
34422	88	620
34423	88	893
34424	88	915
34425	88	1247
34426	88	273
34427	88	46
34428	88	1158
34429	88	1005
34430	88	1496
34431	88	1277
34432	88	1008
34433	88	1076
34434	88	576
34435	88	1374
34436	88	382
34437	88	636
34438	88	753
34439	88	1568
34440	88	611
34441	88	1575
34442	88	595
34443	88	542
34444	88	540
34445	88	1571
34446	88	151
34447	88	202
34448	88	933
34449	88	209
34450	88	1720
34451	88	863
34452	88	136
34453	88	591
34454	88	550
34455	88	385
34456	88	757
34457	88	58
34458	88	1102
34459	88	1721
34460	88	1114
34461	88	237
34462	88	538
34463	88	109
34464	88	314
34465	88	440
34466	88	428
34467	88	687
34468	88	1480
34469	88	661
34470	88	1386
34471	88	1722
34472	88	236
34473	88	898
34474	88	229
34475	88	759
34476	88	1024
34477	88	212
34478	88	1223
34479	88	760
34480	88	1269
34481	88	30
34482	88	476
34483	88	796
34484	88	659
34485	88	970
34486	88	643
34487	88	322
34488	88	1398
34489	88	1079
34490	88	501
34491	88	1342
34492	88	471
34493	88	222
34494	88	1291
34495	88	434
34496	88	447
34497	88	240
34498	89	70
34499	89	186
34500	89	466
34501	89	32
34502	89	980
34503	89	845
34504	89	515
34505	89	254
34506	89	817
34507	89	8
34508	89	174
34509	89	547
34510	89	1223
34511	89	231
34512	89	864
34513	89	1544
34514	89	1220
34515	89	695
34516	89	18
34517	89	144
34518	89	1225
34519	89	1247
34520	89	956
34521	89	359
34522	89	809
34523	89	289
34524	89	544
34525	89	1005
34526	89	1013
34527	89	71
34528	89	1017
34529	89	1038
34530	89	25
34531	89	1004
34532	89	1026
34533	89	937
34534	89	434
34535	89	19
34536	89	279
34537	89	357
34538	89	184
34539	89	975
34540	89	36
34541	89	4
34542	89	227
34543	89	77
34544	89	63
34545	89	64
34546	89	83
34547	89	381
34548	89	234
34549	89	247
34550	89	22
34551	89	121
34552	89	11
34553	89	104
34554	89	171
34555	89	642
34556	89	410
34557	89	446
34558	89	352
34559	89	72
34560	89	784
34561	89	490
34562	89	146
34563	89	5
34564	89	43
34565	89	294
34566	89	211
34567	89	28
34568	89	38
34569	89	765
34570	89	450
34571	89	1667
34572	89	467
34573	89	1100
34574	89	951
34575	89	98
34576	89	59
34577	89	884
34578	89	66
34579	89	819
34580	89	256
34581	89	129
34582	89	489
34583	89	194
34584	89	1156
34585	89	49
34586	89	583
34587	89	950
34588	89	135
34589	89	39
34590	89	69
34591	89	257
34592	89	1462
34593	89	1028
34594	89	1219
34595	89	278
34596	89	1
34597	89	280
34598	89	1081
34599	89	1102
34600	89	505
34601	89	585
34602	89	382
34603	89	87
34604	89	540
34605	89	91
34606	89	99
34607	89	41
34608	89	150
34609	89	379
34610	89	219
34611	89	469
34612	89	588
34613	89	53
34614	89	293
34615	89	717
34616	89	286
34617	89	173
34618	89	688
34619	89	355
34620	89	828
34621	89	952
34622	89	269
34623	89	567
34624	89	113
34625	89	971
34626	89	878
34627	89	789
34628	89	693
34629	89	698
34630	89	684
34631	89	15
34632	89	597
34633	89	206
34634	89	795
34635	89	525
34636	89	1016
34637	89	665
34638	89	1199
34639	89	917
34640	89	33
34641	89	86
34642	89	676
34643	89	111
34644	89	134
34645	89	803
34646	89	110
34647	89	941
34648	89	901
34649	89	1454
34650	89	122
34651	89	719
34652	89	1177
34653	89	303
34654	89	430
34655	89	14
34656	89	1175
34657	89	742
34658	89	1244
34659	89	627
34660	89	274
34661	89	1007
34662	89	251
34663	89	422
34664	89	1326
34665	89	12
34666	89	1242
34667	89	650
34668	89	1191
34669	89	491
34670	89	131
34671	89	10
34672	89	739
34673	89	996
34674	89	456
34675	89	1275
34676	89	1235
34677	89	521
34678	89	972
34679	89	50
34680	89	706
34681	89	576
34682	89	140
34683	89	494
34684	89	1250
34685	89	1221
34686	89	182
34687	89	161
34688	89	178
34689	89	1291
34690	89	808
34691	89	311
34692	89	661
34693	89	812
34694	89	1214
34695	89	691
34696	89	1303
34697	89	65
34698	89	1590
34699	89	711
34700	89	713
34701	89	220
34702	89	966
34703	89	387
34704	89	682
34705	89	616
34706	89	872
34707	89	395
34708	89	356
34709	89	158
34710	89	120
34711	89	1048
34712	89	587
34713	89	1105
34714	89	6
34715	89	913
34716	89	470
34717	89	55
34718	90	122
34719	90	70
34720	90	1223
34721	90	88
34722	90	741
34723	90	650
34724	90	43
34725	90	828
34726	90	137
34727	90	20
34728	90	556
34729	90	110
34730	90	544
34731	90	987
34732	90	231
34733	90	381
34734	90	770
34735	90	490
34736	90	39
34737	90	140
34738	90	6
34739	90	1038
34740	90	17
34741	90	173
34742	90	1
34743	90	1462
34744	90	1420
34745	90	18
34746	90	1166
34747	90	978
34748	90	1265
34749	90	1240
34750	90	447
34751	90	956
34752	90	597
34753	90	7
34754	90	36
34755	90	500
34756	90	980
34757	90	950
34758	90	116
34759	90	959
34760	90	1296
34761	90	63
34762	90	32
34763	90	254
34764	90	388
34765	90	1163
34766	90	1219
34767	90	471
34768	90	211
34769	90	1218
34770	90	949
34771	90	711
34772	90	1250
34773	90	360
34774	90	2
34775	90	1360
34776	90	262
34777	90	16
34778	90	55
34779	90	186
34780	90	937
34781	90	51
34782	90	146
34783	90	351
34784	90	422
34785	90	467
34786	90	42
34787	90	917
34788	90	464
34789	90	121
34790	90	19
34791	90	279
34792	90	977
34793	90	179
34794	90	766
34795	90	409
34796	90	65
34797	90	968
34798	90	795
34799	90	150
34800	90	1005
34801	90	1277
34802	90	218
34803	90	466
34804	90	44
34805	90	835
34806	90	192
34807	90	1492
34808	90	1241
34809	90	69
34810	90	1435
34811	90	686
34812	90	250
34813	90	28
34814	90	135
34815	90	520
34816	90	127
34817	90	190
34818	90	180
34819	90	1221
34820	90	713
34821	90	10
34822	90	247
34823	90	626
34824	90	303
34825	90	359
34826	90	112
34827	90	294
34828	90	132
34829	90	320
34830	90	178
34831	90	314
34832	90	876
34833	90	27
34834	90	293
34835	90	698
34836	90	105
34837	90	72
34838	90	206
34839	90	751
34840	90	884
34841	90	22
34842	90	269
34843	90	816
34844	90	246
34845	90	255
34846	90	468
34847	90	1299
34848	90	426
34849	90	102
34850	90	1100
34851	90	286
34852	90	97
34853	90	1215
34854	90	160
34855	90	219
34856	90	401
34857	90	41
34858	90	717
34859	90	3
34860	90	540
34861	90	295
34862	90	673
34863	90	656
34864	90	811
34865	90	129
34866	90	54
34867	90	398
34868	90	161
34869	90	245
34870	90	1246
34871	90	50
34872	90	11
34873	90	175
34874	90	547
34875	90	1191
34876	90	8
34877	90	128
34878	90	71
34879	90	431
34880	90	909
34881	90	94
34882	90	865
34883	90	515
34884	90	9
34885	90	782
34886	90	1063
34887	90	1276
34888	90	15
34889	90	187
34890	90	1590
34891	90	77
34892	90	385
34893	90	1156
34894	90	53
34895	90	242
34896	90	114
34897	90	270
34898	90	627
34899	90	768
34900	90	379
34901	90	588
34902	91	173
34903	91	786
34904	91	795
34905	91	129
34906	91	104
34907	91	695
34908	91	110
34909	91	71
34910	91	219
34911	91	19
34912	91	1219
34913	91	250
34914	91	811
34915	91	86
34916	91	6
34917	91	522
34918	91	279
34919	91	446
34920	91	38
34921	91	828
34922	91	619
34923	91	552
34924	91	404
34925	91	401
34926	91	132
34927	91	36
34928	91	1250
34929	91	547
34930	91	1501
34931	91	117
34932	91	1063
34933	91	190
34934	91	228
34935	91	331
34936	91	310
34937	91	591
34938	91	370
34939	91	1058
34940	91	626
34941	91	70
34942	91	1191
34943	91	505
34944	91	399
34945	91	21
34946	91	72
34947	91	342
34948	91	268
34949	91	43
34950	91	234
34951	91	1291
34952	91	884
34953	91	971
34954	91	2
34955	91	284
34956	91	174
34957	91	768
34958	91	1484
34959	91	50
34960	91	930
34961	91	1379
34962	91	44
34963	91	206
34964	91	294
34965	91	182
34966	91	846
34967	91	16
34968	91	702
34969	91	471
34970	91	56
34971	91	448
34972	91	385
34973	91	844
34974	91	10
34975	91	790
34976	91	186
34977	91	121
34978	91	674
34979	91	967
34980	91	243
34981	91	1
34982	91	283
34983	91	34
34984	91	1598
34985	91	135
34986	91	221
34987	91	665
34988	91	114
34989	91	293
34990	91	1084
34991	91	83
34992	91	461
34993	91	54
34994	91	382
34995	91	181
34996	91	898
34997	91	344
34998	91	356
34999	91	878
35000	91	1233
35001	91	55
35002	91	585
35003	91	692
35004	91	637
35005	91	1110
35006	91	478
35007	91	32
35008	91	61
35009	91	719
35010	91	87
35011	91	25
35012	91	561
35013	91	666
35014	91	1252
35015	91	138
35016	91	247
35017	91	318
35018	91	156
35019	91	115
35020	91	360
35021	91	53
35022	91	91
35023	91	698
35024	91	134
35025	91	437
35026	91	161
35027	91	102
35028	91	671
35029	91	491
35030	91	474
35031	91	315
35032	91	651
35033	91	5
35034	91	1303
35035	91	45
35036	91	41
35037	91	721
35038	91	541
35039	91	274
35040	91	242
35041	91	490
35042	91	1491
35043	91	395
35044	91	66
35045	91	1590
35046	91	414
35047	91	306
35048	91	503
35049	91	809
35050	91	197
35051	91	872
35052	91	258
35053	91	202
35054	91	398
35055	91	1156
35056	91	42
35057	91	766
35058	91	599
35059	91	613
35060	91	540
35061	91	570
35062	91	326
35063	91	956
35064	91	1221
35065	91	88
35066	91	285
35067	91	357
35068	91	63
35069	91	642
35070	91	515
35071	91	816
35072	91	554
35073	91	150
35074	91	411
35075	91	146
35076	91	211
35077	91	13
35078	91	489
35079	91	14
35080	91	155
35081	91	30
35082	91	76
35083	91	744
35084	91	1095
35085	91	542
35086	91	1074
35087	91	39
35088	91	320
35089	91	597
35090	91	799
35091	91	1275
35092	91	412
35093	91	345
35094	91	64
35095	91	717
35096	91	255
35097	91	869
35098	91	391
35099	91	691
35100	91	678
35101	91	18
35102	91	767
35103	91	1100
35104	91	214
35105	91	46
35106	91	672
35107	91	379
35108	91	825
35109	91	1293
35110	91	1462
35111	91	273
35112	91	122
35113	91	192
35114	91	987
35115	91	289
35116	91	526
35117	91	220
35118	91	1005
35119	91	300
35120	91	136
35121	91	980
35122	91	231
35123	91	97
35124	91	457
35125	91	292
35126	91	116
35127	91	1091
35128	91	866
35129	91	654
35130	91	1272
35131	91	105
35132	91	358
35133	91	1068
35134	91	824
35135	91	713
35136	91	175
35137	91	686
35138	91	194
35139	91	4
35140	91	203
35141	91	427
35142	91	444
35143	91	60
35144	91	945
35145	91	57
35146	91	3
35147	91	251
35148	91	280
35149	91	753
35150	91	782
35151	91	797
35152	91	1622
35153	91	996
35154	91	741
35155	91	648
35156	91	492
35157	91	465
35158	91	267
35159	91	587
35160	91	8
35161	91	336
35162	91	98
35163	91	26
35164	91	506
35165	91	145
35166	91	143
35167	91	1296
35168	91	94
35169	91	244
35170	91	456
35171	91	367
35172	91	422
35173	91	29
35174	91	22
35175	91	1454
35176	91	130
35177	91	269
35178	91	1248
35179	91	1106
35180	91	1244
35181	91	966
35182	91	120
35183	91	559
35184	91	445
35185	91	140
35186	91	656
35187	91	262
35188	91	1227
35189	91	477
35190	91	33
35191	91	31
35192	91	153
35193	91	432
35194	91	616
35195	91	769
35196	91	157
35197	91	563
35198	91	1222
35199	91	877
35200	91	463
35201	91	158
35202	91	394
35203	91	818
35204	91	109
35205	91	324
35206	91	1485
35207	91	118
35208	91	119
35209	91	661
35210	91	770
35211	91	1242
35212	91	12
35213	91	270
35214	91	1537
35215	91	544
35216	91	1166
35217	91	512
35218	91	751
35219	91	1162
35220	91	1308
35221	91	646
35222	91	494
35223	91	252
35224	91	405
35225	91	92
35226	91	706
35227	91	164
35228	91	286
35229	91	1081
35230	91	309
35231	91	1180
35232	91	259
35233	91	1241
35234	91	962
35235	91	1289
35236	91	334
35237	91	464
35238	91	538
35239	91	79
35240	91	99
35241	91	624
35242	91	84
35243	91	776
35244	91	1203
35245	91	261
35246	91	1390
35247	91	410
35248	91	1453
35249	91	863
35250	91	1496
35251	91	814
35252	91	995
35253	91	1029
35254	91	711
35255	91	789
35256	91	923
35257	91	1393
35258	91	801
35259	91	595
35260	91	997
35261	91	649
35262	91	371
35263	91	328
35264	91	430
35265	91	187
35266	91	1039
35267	91	565
35268	91	35
35269	91	387
35270	91	975
35271	91	142
35272	91	806
35273	91	232
35274	91	1256
35275	91	1143
35276	91	103
35277	91	256
35278	91	1231
35279	91	317
35280	91	365
35281	91	141
35282	91	652
35283	91	466
35284	91	775
35285	91	301
35286	91	627
35287	91	1008
35288	91	1089
35289	91	428
35290	91	69
35291	91	384
35292	91	147
35293	92	1462
35294	92	175
35295	92	36
35296	92	7
35297	92	245
35298	92	729
35299	92	2
35300	92	471
35301	92	1147
35302	92	844
35303	92	766
35304	92	768
35305	92	542
35306	92	326
35307	92	1063
35308	92	1217
35309	92	866
35310	92	166
35311	92	1120
35312	92	836
35313	92	38
35314	92	1296
35315	92	279
35316	92	86
35317	92	5
35318	92	381
35319	92	50
35320	92	556
35321	92	55
35322	92	428
35323	92	463
35324	92	161
35325	92	1379
35326	92	773
35327	92	192
35328	92	1221
35329	92	1250
35330	92	991
35331	92	741
35332	92	828
35333	92	654
35334	92	1
35335	92	1590
35336	92	656
35337	92	1219
35338	92	70
35339	92	146
35340	92	262
35341	92	980
35342	92	676
35343	92	1240
35344	92	713
35345	92	315
35346	92	173
35347	92	930
35348	92	66
35349	92	401
35350	92	150
35351	92	104
35352	92	735
35353	92	395
35354	92	1163
35355	92	247
35356	92	176
35357	92	18
35358	92	90
35359	92	379
35360	92	1105
35361	92	225
35362	92	53
35363	92	168
35364	92	1038
35365	92	665
35366	92	372
35367	92	446
35368	92	619
35369	92	357
35370	92	597
35371	92	280
35372	92	320
35373	92	626
35374	92	671
35375	92	816
35376	92	795
35377	92	293
35378	92	43
35379	92	314
35380	92	253
35381	92	491
35382	92	228
35383	92	250
35384	92	32
35385	92	811
35386	92	69
35387	92	1218
35388	92	682
35389	92	642
35390	92	19
35391	92	809
35392	92	679
35393	92	138
35394	92	1370
35395	92	147
35396	92	1156
35397	92	791
35398	92	945
35399	92	135
35400	92	782
35401	92	274
35402	92	325
35403	92	27
35404	92	117
35405	92	511
35406	92	328
35407	92	561
35408	92	370
35409	92	456
35410	92	819
35411	92	616
35412	92	251
35413	92	219
35414	92	132
35415	92	1100
35416	92	1005
35417	92	1227
35418	92	8
35419	92	717
35420	92	196
35421	92	144
35422	92	87
35423	92	174
35424	92	808
35425	92	465
35426	92	878
35427	92	6
35428	92	41
35429	92	301
35430	92	941
35431	92	273
35432	92	345
35433	92	1191
35434	92	917
35435	92	122
35436	92	94
35437	92	77
35438	92	1024
35439	92	312
35440	92	303
35441	92	10
35442	92	1140
35443	92	565
35444	92	277
35445	92	1007
35446	92	79
35447	92	824
35448	92	1015
35449	92	356
35450	92	422
35451	92	298
35452	92	118
35453	92	835
35454	92	265
35455	92	515
35456	92	186
35457	92	730
35458	92	552
35459	92	142
35460	92	17
35461	92	1241
35462	92	129
35463	92	1065
35464	92	261
35465	92	474
35466	92	112
35467	92	102
35468	92	115
35469	92	54
35470	92	22
35471	92	91
35472	92	621
35473	92	3
35474	92	334
35475	92	1282
35476	92	134
35477	92	803
35478	92	1086
35479	92	306
35480	92	426
35481	92	430
35482	92	942
35483	92	1382
35484	92	9
35485	92	234
35486	92	375
35487	92	751
35488	92	143
35489	92	404
35490	92	140
35491	92	786
35492	92	120
35493	92	105
35494	92	300
35495	92	467
35496	92	848
35497	92	308
35498	92	294
35499	92	284
35500	92	544
35501	92	177
35502	92	714
35503	92	1350
35504	92	387
35505	92	892
35506	92	353
35507	92	424
35508	92	1213
35509	92	1252
35510	92	360
35511	92	956
35512	92	670
35513	92	160
35514	92	753
35515	92	213
35516	92	39
35517	92	44
35518	92	577
35519	92	509
35520	92	398
35521	92	310
35522	92	85
35523	92	1454
35524	92	1222
35525	92	109
35526	92	477
35527	92	840
35528	92	75
35529	92	287
35530	92	97
35531	92	377
35532	92	970
35533	92	352
35534	92	1275
35535	92	321
35536	92	979
35537	92	239
35538	92	636
35539	92	531
35540	92	382
35541	92	689
35542	92	1220
35543	92	650
35544	92	327
35545	92	540
35546	92	1321
35547	92	975
35548	92	711
35549	92	341
35550	92	490
35551	92	921
35552	92	651
35553	92	1185
35554	92	1381
35555	92	155
35556	92	971
35557	92	494
35558	92	318
35559	92	286
35560	92	384
35561	92	564
35562	92	466
35563	92	283
35564	92	76
35565	92	72
35566	92	627
35567	92	660
35568	92	414
35569	92	145
35570	92	510
35571	92	1017
35572	92	434
35573	92	364
35574	92	71
35575	92	12
35576	92	110
35577	92	687
35578	92	121
35579	92	406
35580	92	58
35581	92	702
35582	92	742
35583	92	127
35584	92	1166
35585	92	99
35586	92	547
35587	92	223
35588	92	202
35589	92	568
35590	92	964
35591	92	559
35592	92	88
35593	92	1148
35594	92	1560
35595	92	33
35596	92	61
35597	92	996
35598	92	690
35599	92	156
35600	92	64
35601	92	721
35602	92	1601
35603	92	259
35604	93	966
35605	93	70
35606	93	61
35607	93	18
35608	93	695
35609	93	871
35610	93	134
35611	93	38
35612	93	956
35613	93	146
35614	93	544
35615	93	129
35616	93	114
35617	93	265
35618	93	157
35619	93	659
35620	93	466
35621	93	186
35622	93	121
35623	93	111
35624	93	878
35625	93	1004
35626	93	91
35627	93	280
35628	93	783
35629	93	1672
35630	93	688
35631	93	817
35632	93	1214
35633	93	980
35634	93	278
35635	93	693
35636	93	43
35637	93	331
35638	93	228
35639	93	971
35640	93	50
35641	93	118
35642	93	1336
35643	93	1335
35644	93	345
35645	93	175
35646	93	547
35647	93	55
35648	93	739
35649	93	229
35650	93	684
35651	93	600
35652	93	380
35653	93	381
35654	93	1118
35655	93	223
35656	93	36
35657	93	1035
35658	93	137
35659	93	414
35660	93	717
35661	93	1147
35662	93	676
35663	93	1431
35664	93	1487
35665	93	616
35666	93	156
35667	93	1677
35668	93	42
35669	93	1038
35670	93	642
35671	93	94
35672	93	588
35673	93	22
35674	93	147
35675	93	1063
35676	93	1326
35677	93	1345
35678	93	11
35679	93	470
35680	93	809
35681	93	515
35682	93	33
35683	93	786
35684	93	975
35685	93	144
35686	93	10
35687	93	276
35688	93	1219
35689	93	122
35690	93	1
35691	93	1005
35692	93	83
35693	93	145
35694	93	422
35695	93	78
35696	93	135
35697	93	133
35698	93	356
35699	93	863
35700	93	426
35701	93	116
35702	93	493
35703	93	19
35704	93	44
35705	93	155
35706	93	489
35707	93	507
35708	93	126
35709	93	51
35710	93	219
35711	93	251
35712	93	1394
35713	93	766
35714	93	713
35715	93	567
35716	93	102
35717	93	937
35718	93	741
35719	93	711
35720	93	140
35721	93	949
35722	93	500
35723	93	1248
35724	93	864
35725	93	86
35726	93	138
35727	93	1007
35728	93	8
35729	93	800
35730	93	117
35731	93	54
35732	93	17
35733	93	21
35734	93	69
35735	93	310
35736	93	227
35737	93	811
35738	93	274
35739	93	88
35740	93	456
35741	93	6
35742	93	525
35743	93	1019
35744	93	913
35745	93	683
35746	93	89
35747	93	915
35748	93	1102
35749	93	256
35750	93	26
35751	93	477
35752	93	1593
35753	93	643
35754	93	139
35755	93	286
35756	93	768
35757	93	97
35758	93	1566
35759	93	1406
35760	93	1471
35761	93	301
35762	93	505
35763	93	60
35764	93	810
35765	93	409
35766	93	13
35767	93	81
35768	93	1204
35769	93	1189
35770	93	387
35771	93	12
35772	93	1247
35773	93	782
35774	93	682
35775	93	828
35776	93	1242
35777	93	7
35778	93	577
35779	93	494
35780	93	2
35781	93	72
35782	94	175
35783	94	13
35784	94	146
35785	94	1102
35786	94	398
35787	94	81
35788	94	956
35789	94	36
35790	94	70
35791	94	1042
35792	94	129
35793	94	122
35794	94	126
35795	94	395
35796	94	320
35797	94	711
35798	94	381
35799	94	50
35800	94	456
35801	94	116
35802	94	828
35803	94	83
35804	94	1222
35805	94	147
35806	94	155
35807	94	717
35808	94	55
35809	94	808
35810	94	902
35811	94	1249
35812	94	345
35813	94	950
35814	94	133
35815	94	1190
35816	94	766
35817	94	54
35818	94	38
35819	94	53
35820	94	43
35821	94	302
35822	94	353
35823	94	140
35824	94	783
35825	94	120
35826	94	642
35827	94	544
35828	94	695
35829	94	1652
35830	94	1074
35831	94	698
35832	94	306
35833	94	134
35834	94	1315
35835	94	10
35836	94	1
35837	94	274
35838	94	247
35839	94	682
35840	94	637
35841	94	980
35842	94	1189
35843	94	347
35844	94	1274
35845	94	426
35846	94	790
35847	94	1219
35848	94	86
35849	94	145
35850	94	863
35851	94	2
35852	94	88
35853	94	416
35854	94	102
35855	94	206
35856	94	986
35857	94	112
35858	94	442
35859	94	105
35860	94	8
35861	94	18
35862	94	1220
35863	94	144
35864	94	298
35865	94	308
35866	94	739
35867	94	659
35868	94	1380
35869	94	11
35870	94	434
35871	94	64
35872	94	871
35873	94	386
35874	94	1355
35875	94	39
35876	94	40
35877	94	19
35878	94	251
35879	94	870
35880	94	573
35881	94	359
35882	94	606
35883	94	572
35884	94	687
35885	94	994
35886	94	768
35887	94	409
35888	94	1487
35889	94	527
35890	94	135
35891	94	893
35892	94	186
35893	94	375
35894	94	802
35895	94	401
35896	94	771
35897	94	361
35898	94	94
35899	94	1242
35900	94	414
35901	94	171
35902	94	796
35903	94	249
35904	94	536
35905	94	106
35906	94	41
35907	94	344
35908	94	810
35909	94	751
35910	94	597
35911	94	34
35912	94	157
35913	94	770
35914	94	21
35915	94	806
35916	94	1063
35917	94	26
35918	94	1403
35919	94	45
35920	94	1328
35921	94	267
35922	94	446
35923	94	331
35924	94	612
35925	94	97
35926	94	384
35927	94	5
35928	94	1289
35929	94	457
35930	94	323
35931	94	712
35932	94	1247
35933	94	1221
35934	94	983
35935	94	461
35936	94	556
35937	94	599
35938	94	310
35939	94	238
35940	94	99
35941	94	410
35942	94	382
35943	94	325
35944	94	279
35945	94	864
35946	94	256
35947	94	221
35948	94	352
35949	94	1250
35950	94	547
35951	94	17
35952	94	1248
35953	94	1533
35954	94	845
35955	94	708
35956	94	257
35957	94	379
35958	94	1134
35959	94	987
35960	94	1462
35961	94	49
35962	94	749
35963	94	598
35964	94	48
35965	94	432
35966	94	278
35967	94	962
35968	94	477
35969	94	541
35970	94	753
35971	94	336
35972	94	92
35973	94	1496
35974	94	72
35975	94	223
35976	94	757
35977	94	507
35978	94	142
35979	94	119
35980	94	878
35981	94	121
35982	94	115
35983	94	211
35984	94	1408
35985	94	1196
35986	94	29
35987	94	549
35988	94	1590
35989	94	246
35990	94	376
35991	94	650
35992	94	228
35993	94	664
35994	94	663
35995	94	1217
35996	94	399
35997	94	235
35998	94	318
35999	94	941
36000	94	7
36001	94	971
36002	94	22
36003	94	522
36004	94	1275
36005	94	812
36006	94	6
36007	94	280
36008	94	3
36009	94	234
36010	94	1326
36011	94	1382
36012	94	1472
36013	94	283
36014	94	535
36015	94	1396
36016	94	626
36017	94	170
36018	94	1665
36019	94	1026
36020	95	333
36021	95	445
36022	95	1566
36023	95	6
36024	95	146
36025	95	251
36026	95	301
36027	95	111
36028	95	18
36029	95	1039
36030	95	36
36031	95	1219
36032	95	70
36033	95	544
36034	95	175
36035	95	1665
36036	95	66
36037	95	585
36038	95	43
36039	95	38
36040	95	7
36041	95	116
36042	95	611
36043	95	522
36044	95	526
36045	95	55
36046	95	302
36047	95	316
36048	95	422
36049	95	279
36050	95	10
36051	95	97
36052	95	138
36053	95	135
36054	95	103
36055	95	461
36056	95	121
36057	95	1
36058	95	1214
36059	95	515
36060	95	50
36061	95	105
36062	95	223
36063	95	144
36064	95	186
36065	95	206
36066	95	1406
36067	95	90
36068	95	253
36069	95	464
36070	95	983
36071	95	1068
36072	95	17
36073	95	12
36074	95	426
36075	95	345
36076	95	81
36077	95	56
36078	95	196
36079	95	304
36080	95	222
36081	95	89
36082	95	1426
36083	95	147
36084	95	966
36085	95	53
36086	95	352
36087	95	122
36088	95	126
36089	95	1112
36090	95	1221
36091	95	896
36092	95	717
36093	95	120
36094	95	642
36095	95	54
36096	95	824
36097	95	96
36098	95	624
36099	95	970
36100	95	296
36101	95	286
36102	95	94
36103	95	741
36104	95	140
36105	95	768
36106	95	650
36107	95	766
36108	95	810
36109	95	363
36110	95	627
36111	95	935
36112	95	451
36113	95	235
36114	95	41
36115	95	782
36116	95	19
36117	95	828
36118	95	429
36119	95	285
36120	95	21
36121	95	2
36122	95	778
36123	95	771
36124	95	234
36125	95	112
36126	95	793
36127	95	219
36128	95	216
36129	95	568
36130	95	520
36131	95	266
36132	95	924
36133	95	618
36134	95	945
36135	95	471
36136	95	682
36137	95	857
36138	95	1243
36139	95	1042
36140	95	619
36141	95	466
36142	95	179
36143	95	227
36144	95	289
36145	95	106
36146	95	673
36147	95	1029
36148	95	923
36149	95	231
36150	95	841
36151	95	674
36152	95	587
36153	95	493
36154	95	361
36155	95	178
36156	95	495
36157	95	435
36158	95	805
36159	95	49
36160	95	1614
36161	95	34
36162	95	649
36163	95	382
36164	95	416
36165	95	69
36166	95	324
36167	95	1021
36168	95	388
36169	95	719
36170	95	1415
36171	95	723
36172	95	444
36173	95	1274
36174	95	228
36175	95	786
36176	95	876
36177	95	679
36178	95	547
36179	95	33
36180	95	331
36181	95	283
36182	95	249
36183	95	278
36184	95	309
36185	95	456
36186	95	975
36187	95	1227
36188	95	875
36189	95	270
36190	95	404
36191	95	139
36192	95	878
36193	95	607
36194	95	280
36195	95	683
36196	95	171
36197	95	22
36198	95	118
36199	95	1250
36200	95	143
36201	95	418
36202	95	513
36203	95	437
36204	95	430
36205	95	170
36206	95	191
36207	95	783
36208	95	1440
36209	95	245
36210	95	177
36211	95	256
36212	95	35
36213	95	190
36214	95	582
36215	95	922
36216	95	1102
36217	95	1652
36218	95	342
36219	95	442
36220	95	117
36221	95	306
36222	95	616
36223	95	441
36224	95	1431
36225	95	467
36226	95	1074
36227	95	757
36228	95	1723
36229	95	292
36230	95	600
36231	95	1303
36232	95	104
36233	95	659
36234	95	320
36235	95	129
36236	95	708
36237	95	157
36238	95	470
36239	95	238
36240	95	960
36241	95	42
36242	95	136
36243	95	428
36244	95	410
36245	95	1487
36246	95	328
36247	95	381
36248	95	893
36249	95	298
36250	95	174
36251	95	387
36252	95	1025
36253	95	775
36254	95	247
36255	95	1006
36256	95	261
36257	95	91
36258	95	477
36259	95	507
36260	95	1148
36261	95	980
36262	95	353
36263	95	815
36264	95	8
36265	95	1294
36266	95	956
36267	95	1617
36268	95	376
36269	95	1247
36270	95	744
36271	95	881
36272	95	13
36273	95	680
36274	95	29
36275	95	845
36276	95	487
36277	95	1222
36278	95	187
36279	95	399
36280	95	273
36281	95	764
36282	95	311
36283	95	658
36284	95	539
36285	95	60
36286	96	129
36287	96	1243
36288	96	768
36289	96	186
36290	96	18
36291	96	43
36292	96	17
36293	96	139
36294	96	766
36295	96	515
36296	96	155
36297	96	956
36298	96	1222
36299	96	70
36300	96	937
36301	96	121
36302	96	144
36303	96	83
36304	96	91
36305	96	695
36306	96	219
36307	96	102
36308	96	1665
36309	96	809
36310	96	164
36311	96	698
36312	96	302
36313	96	38
36314	96	1
36315	96	986
36316	96	642
36317	96	561
36318	96	975
36319	96	86
36320	96	505
36321	96	611
36322	96	72
36323	96	11
36324	96	751
36325	96	970
36326	96	8
36327	96	79
36328	96	146
36329	96	325
36330	96	394
36331	96	82
36332	96	1219
36333	96	10
36334	96	53
36335	96	320
36336	96	1038
36337	96	1191
36338	96	245
36339	96	41
36340	96	50
36341	96	980
36342	96	36
36343	96	71
36344	96	495
36345	96	1406
36346	96	1416
36347	96	154
36348	96	1244
36349	96	1042
36350	96	827
36351	96	945
36352	96	490
36353	96	97
36354	96	1221
36355	96	823
36356	96	317
36357	96	135
36358	96	917
36359	96	75
36360	96	174
36361	96	392
36362	96	140
36363	96	810
36364	96	1252
36365	96	1110
36366	96	1330
36367	96	22
36368	96	782
36369	96	106
36370	96	1227
36371	96	250
36372	96	357
36373	96	682
36374	96	461
36375	96	331
36376	96	941
36377	96	399
36378	96	1238
36379	96	753
36380	96	345
36381	96	44
36382	96	150
36383	96	361
36384	96	799
36385	96	360
36386	96	1329
36387	96	1220
36388	96	1241
36389	96	375
36390	96	278
36391	96	173
36392	96	544
36393	96	280
36394	96	16
36395	96	1250
36396	96	828
36397	96	214
36398	96	467
36399	96	1144
36400	96	1240
36401	96	293
36402	96	294
36403	96	122
36404	96	471
36405	96	54
36406	96	474
36407	96	32
36408	96	585
36409	96	161
36410	96	247
36411	96	388
36412	96	94
36413	96	562
36414	96	175
36415	96	33
36416	96	20
36417	96	63
36418	96	19
36419	96	133
36420	96	6
36421	96	39
36422	96	301
36423	96	840
36424	96	253
36425	96	251
36426	96	1164
36427	96	228
36428	96	316
36429	96	187
36430	96	806
36431	96	118
36432	96	138
36433	96	231
36434	96	279
36435	96	864
36436	96	414
36437	96	398
36438	96	702
36439	96	90
36440	96	486
36441	96	120
36442	96	816
36443	96	2
36444	96	1299
36445	96	134
36446	96	359
36447	96	1257
36448	96	1302
36449	96	1601
36450	96	993
36451	96	12
36452	96	1242
36453	96	1393
36454	96	555
36455	96	649
36456	96	699
36457	96	1152
36458	96	1074
36459	96	811
36460	96	1156
36461	96	116
36462	96	223
36463	96	1148
36464	96	817
36465	96	666
36466	96	404
36467	96	277
36468	96	25
36469	96	234
36470	96	233
36471	96	568
36472	96	1026
36473	96	1675
36474	96	686
36475	96	509
36476	96	171
36477	96	248
36478	96	4
36479	96	276
36480	96	466
36481	96	431
36482	96	834
36483	96	179
36484	96	1165
36485	96	1063
36486	96	354
36487	96	156
36488	96	128
36489	96	350
36490	96	1151
36491	96	838
36492	96	147
36493	96	500
36494	96	966
36495	96	190
36496	96	470
36497	96	1667
36498	96	51
36499	96	597
36500	96	650
36501	96	384
36502	96	1247
36503	96	370
36504	96	206
36505	96	569
36506	96	936
36507	96	786
36508	96	58
36509	96	741
36510	96	1673
36511	96	170
36512	96	123
36513	96	238
36514	96	1141
36515	96	216
36516	96	456
36517	96	177
36518	96	472
36519	96	381
36520	96	507
36521	96	740
36522	96	826
36523	96	5
36524	96	541
36525	96	1282
36526	96	477
36527	96	21
36528	96	104
36529	96	893
36530	96	616
36531	96	527
36532	96	416
36533	96	212
36534	96	719
36535	96	136
36536	96	1566
36537	96	61
36538	96	1086
36539	96	711
36540	96	619
36541	96	1320
36542	96	37
36543	96	1274
36544	96	409
36545	96	178
36546	96	143
36547	96	285
36548	96	654
36549	96	295
36550	96	1157
36551	96	1102
36552	96	303
36553	96	289
36554	96	1175
36555	96	99
36556	96	451
36557	96	996
36558	96	268
36559	96	974
36560	96	756
36561	96	1228
36562	96	270
36563	96	722
36564	96	273
36565	96	379
36566	96	267
36567	96	60
36568	96	871
36569	96	387
36570	96	298
36571	96	315
36572	96	261
36573	96	131
36574	96	445
36575	96	1309
36576	96	434
36577	96	395
36578	96	34
36579	96	1683
36580	96	668
36581	96	832
36582	96	401
36583	96	326
36584	96	168
36585	96	842
36586	96	670
36587	96	157
36588	96	306
36589	96	1485
36590	96	1482
36591	96	115
36592	96	1196
36593	96	105
36594	96	925
36595	96	96
36596	96	1568
36597	96	1725
36598	96	761
36599	96	1005
36600	96	310
36601	96	69
36602	96	947
36603	96	126
36604	96	1190
36605	96	117
36606	96	715
36607	96	600
36608	96	67
36609	96	13
36610	96	691
36611	96	103
36612	96	314
36613	96	636
36614	96	706
36615	96	64
36616	96	27
36617	96	789
36618	96	498
36619	96	570
36620	96	1372
36621	96	696
36622	96	366
36623	96	502
36624	96	30
36625	96	227
36626	96	68
36627	96	640
36628	96	29
36629	96	465
36630	96	127
36631	96	475
36632	96	883
36633	96	1248
36634	96	224
36635	96	380
36636	96	850
36637	96	538
36638	96	1204
36639	96	1617
36640	96	1620
36641	96	449
36642	97	116
36643	97	43
36644	97	1042
36645	97	70
36646	97	1219
36647	97	650
36648	97	20
36649	97	711
36650	97	980
36651	97	1326
36652	97	956
36653	97	966
36654	97	795
36655	97	54
36656	97	642
36657	97	50
36658	97	134
36659	97	996
36660	97	38
36661	97	86
36662	97	1456
36663	97	404
36664	97	115
36665	97	104
36666	97	78
36667	97	133
36668	97	986
36669	97	146
36670	97	1374
36671	97	1214
36672	97	16
36673	97	21
36674	97	846
36675	97	1330
36676	97	381
36677	97	981
36678	97	121
36679	97	41
36680	97	119
36681	97	490
36682	97	139
36683	97	306
36684	97	144
36685	97	450
36686	97	739
36687	97	917
36688	97	1665
36689	97	36
36690	97	11
36691	97	246
36692	97	398
36693	97	941
36694	97	94
36695	97	717
36696	97	741
36697	97	140
36698	97	1035
36699	97	345
36700	97	1221
36701	97	113
36702	97	22
36703	97	1220
36704	97	1086
36705	97	58
36706	97	552
36707	97	399
36708	97	308
36709	97	873
36710	97	380
36711	97	135
36712	97	193
36713	97	280
36714	97	112
36715	97	102
36716	97	1166
36717	97	31
36718	97	171
36719	97	110
36720	97	1252
36721	97	122
36722	97	809
36723	97	303
36724	97	359
36725	97	365
36726	97	673
36727	97	1223
36728	97	1018
36729	97	175
36730	97	143
36731	97	221
36732	97	325
36733	97	600
36734	97	960
36735	97	231
36736	97	71
36737	97	91
36738	97	251
36739	97	72
36740	97	69
36741	97	1005
36742	97	1227
36743	97	19
36744	97	975
36745	97	968
36746	97	357
36747	97	18
36748	97	65
36749	97	1110
36750	97	1191
36751	97	1
36752	97	173
36753	97	525
36754	97	782
36755	97	1087
36756	97	768
36757	97	342
36758	97	353
36759	97	828
36760	97	186
36761	97	388
36762	97	410
36763	97	466
36764	97	216
36765	97	422
36766	97	923
36767	97	384
36768	97	161
36769	97	698
36770	97	695
36771	97	177
36772	97	320
36773	97	247
36774	97	53
36775	97	401
36776	97	751
36777	97	626
36778	97	117
36779	97	66
36780	97	55
36781	97	1063
36782	97	810
36783	97	414
36784	97	597
36785	97	360
36786	97	379
36787	97	565
36788	97	1294
36789	97	811
36790	97	1250
36791	97	789
36792	97	865
36793	97	279
36794	97	541
36795	97	178
36796	97	587
36797	97	210
36798	97	168
36799	97	467
36800	97	10
36801	97	547
36802	97	659
36803	97	1156
36804	97	120
36805	97	179
36806	97	105
36807	97	740
36808	97	256
36809	97	17
36810	97	972
36811	97	753
36812	97	559
36813	97	138
36814	97	310
36815	97	131
36816	97	428
36817	97	111
36818	97	8
36819	97	197
36820	97	81
36821	97	76
36822	97	219
36823	97	207
36824	97	314
36825	97	544
36826	97	864
36827	97	206
36828	97	515
36829	97	612
36830	97	1066
36831	97	227
36832	97	142
36833	97	595
36834	97	114
36835	97	2
36836	97	273
36837	97	880
36838	97	387
36839	97	150
36840	97	588
36841	97	395
36842	97	1243
36843	97	295
36844	97	419
36845	97	531
36846	97	790
36847	97	223
36848	97	283
36849	97	520
36850	97	848
36851	97	766
36852	97	13
36853	97	656
36854	97	1670
36855	97	1241
36856	97	471
36857	97	820
36858	97	296
36859	97	1323
36860	97	1669
36861	97	672
36862	97	27
36863	97	28
36864	97	261
36865	97	228
36866	97	971
36867	97	676
36868	97	837
36869	97	391
36870	97	294
36871	97	7
36872	97	470
36873	97	816
36874	97	812
36875	97	1036
36876	97	808
36877	97	505
36878	97	129
36879	97	14
36880	97	156
36881	97	974
36882	97	1310
36883	97	316
36884	97	1019
36885	97	474
36886	97	570
36887	97	757
36888	97	1000
36889	97	434
36890	97	289
36891	97	1132
36892	97	132
36893	97	277
36894	97	39
36895	97	769
36896	97	85
36897	97	352
36898	97	1222
36899	97	44
36900	97	347
36901	98	186
36902	98	768
36903	98	44
36904	98	1063
36905	98	1214
36906	98	219
36907	98	385
36908	98	17
36909	98	161
36910	98	1
36911	98	6
36912	98	55
36913	98	820
36914	98	4
36915	98	1242
36916	98	381
36917	98	1250
36918	98	741
36919	98	94
36920	98	135
36921	98	817
36922	98	78
36923	98	122
36924	98	1243
36925	98	515
36926	98	556
36927	98	101
36928	98	175
36929	98	70
36930	98	1219
36931	98	1018
36932	98	19
36933	98	544
36934	98	227
36935	98	980
36936	98	5
36937	98	1370
36938	98	650
36939	98	50
36940	98	466
36941	98	121
36942	98	229
36943	98	795
36944	98	129
36945	98	708
36946	98	18
36947	98	113
36948	98	111
36949	98	360
36950	98	22
36951	98	1086
36952	98	116
36953	98	547
36954	98	126
36955	98	270
36956	98	935
36957	98	146
36958	98	682
36959	98	10
36960	98	279
36961	98	29
36962	98	1496
36963	98	1221
36964	98	878
36965	98	155
36966	98	394
36967	98	131
36968	98	1380
36969	98	946
36970	98	1019
36971	98	789
36972	98	2
36973	98	134
36974	98	380
36975	98	431
36976	98	501
36977	98	395
36978	98	278
36979	98	43
36980	98	11
36981	98	382
36982	98	36
36983	98	352
36984	98	1326
36985	98	816
36986	98	293
36987	98	266
36988	98	1191
36989	98	38
36990	98	698
36991	98	12
36992	98	1263
36993	98	1462
36994	98	34
36995	98	8
36996	98	782
36997	98	39
36998	98	314
36999	98	150
37000	98	337
37001	98	856
37002	98	471
37003	98	295
37004	98	1227
37005	98	956
37006	98	53
37007	98	206
37008	98	571
37009	98	15
37010	98	176
37011	98	1066
37012	98	85
37013	98	110
37014	98	179
37015	98	375
37016	98	144
37017	98	525
37018	98	1277
37019	98	173
37020	98	786
37021	98	1181
37022	98	489
37023	98	157
37024	98	527
37025	98	231
37026	98	120
37027	98	238
37028	98	212
37029	98	442
37030	98	388
37031	98	42
37032	98	69
37033	98	409
37034	98	1566
37035	98	7
37036	98	978
37037	98	404
37038	98	467
37039	98	235
37040	98	1241
37041	98	51
37042	98	21
37043	98	3
37044	98	828
37045	98	319
37046	98	32
37047	98	917
37048	98	1303
37049	98	712
37050	98	86
37051	98	981
37052	98	170
37053	98	81
37054	98	294
37055	98	174
37056	98	838
37057	98	913
37058	98	975
37059	98	642
37060	98	139
37061	98	461
37062	98	474
37063	98	1222
37064	98	505
37065	98	691
37066	98	255
37067	98	310
37068	98	513
37069	98	616
37070	98	61
37071	98	357
37072	98	138
37073	98	203
37074	98	63
37075	98	13
37076	98	755
37077	98	343
37078	98	302
37079	98	769
37080	98	418
37081	98	538
37082	98	966
37083	98	16
37084	98	765
37085	98	739
37086	98	1591
37087	98	151
37088	98	1240
37089	98	83
37090	98	1665
37091	98	880
37092	98	66
37093	98	433
37094	98	48
37095	98	64
37096	98	635
37097	98	54
37098	98	112
37099	98	1059
37100	98	827
37101	98	686
37102	98	805
37103	98	770
37104	98	67
37105	98	320
37106	98	730
37107	98	156
37108	98	1005
37109	98	689
37110	98	399
37111	98	456
37112	98	649
37113	98	1252
37114	98	140
37115	98	280
37116	98	410
37117	98	570
37118	98	1376
37119	98	345
37120	98	234
37121	98	331
37122	98	783
37123	98	659
37124	98	426
37125	98	568
37126	98	220
37127	98	850
37128	98	1148
37129	98	132
37130	98	1004
37131	98	342
37132	98	211
37133	98	77
37134	98	49
37135	98	405
37136	98	473
37137	98	379
37138	98	711
37139	98	597
37140	98	1093
37141	98	897
37142	98	76
37143	98	1146
37144	98	247
37145	98	470
37146	98	428
37147	98	106
37148	98	91
37149	98	87
37150	98	872
37151	98	477
37152	98	977
37153	98	810
37154	98	245
37155	98	171
37156	98	1175
37157	98	670
37158	98	160
37159	98	167
37160	98	1334
37161	98	983
37162	98	627
37163	98	1120
37164	98	306
37165	98	1232
37166	98	585
37167	98	1366
37168	98	796
37169	98	387
37170	98	503
37171	98	853
37172	98	434
37173	98	384
37174	98	1035
37175	98	119
37176	98	185
37177	98	873
37178	98	757
37179	98	677
37180	98	284
37181	98	446
37182	98	298
37183	98	118
37184	98	392
37185	98	766
37186	98	925
37187	98	611
37188	98	1042
37189	98	1190
37190	98	680
37191	98	1060
37192	98	600
37193	98	582
37194	98	541
37195	98	637
37196	98	288
37197	98	253
37198	98	552
37199	98	60
37200	98	740
37201	98	535
37202	98	1367
37203	98	595
37204	98	117
37205	98	950
37206	98	334
37207	98	590
37208	98	149
37209	98	764
37210	98	941
37211	98	464
37212	98	196
37213	98	79
37214	98	1715
37215	98	141
37216	98	1166
37217	98	763
37218	98	1452
37219	98	251
37220	98	1344
37221	98	586
37222	98	223
37223	98	1487
37224	98	1264
37225	98	583
37226	98	128
37227	98	771
37228	98	216
37229	98	510
37230	98	1025
37231	98	28
37232	98	1328
37233	98	325
37234	98	184
37235	98	1311
37236	98	88
37237	98	1000
37238	98	417
37239	98	1074
37240	98	522
37241	98	551
37242	98	401
37243	98	1038
37244	98	391
37245	98	98
37246	98	99
37247	98	178
37248	98	283
37249	98	437
37250	98	824
37251	98	448
37252	98	285
37253	98	1289
37254	98	166
37255	98	1393
37256	98	494
37257	98	629
37258	98	1247
37259	98	33
37260	98	430
37261	98	1173
37262	98	561
37263	98	1309
37264	98	168
37265	98	486
37266	98	1295
37267	98	864
37268	98	142
37269	98	962
37270	98	997
37271	98	1217
37272	98	1454
37273	98	1620
37274	98	93
37275	98	811
37276	98	260
37277	98	1299
37278	98	72
37279	98	721
37280	98	398
37281	98	414
37282	98	31
37283	98	89
37284	98	971
37285	98	1308
37286	98	75
37287	98	656
37288	98	818
37289	98	719
37290	98	808
37291	98	1275
37292	98	870
37293	99	1243
37294	99	1486
37295	99	466
37296	99	525
37297	99	173
37298	99	18
37299	99	1122
37300	99	175
37301	99	310
37302	99	158
37303	99	771
37304	99	619
37305	99	541
37306	99	963
37307	99	29
37308	99	186
37309	99	693
37310	99	140
37311	99	122
37312	99	1042
37313	99	817
37314	99	283
37315	99	39
37316	99	495
37317	99	19
37318	99	146
37319	99	10
37320	99	1
37321	99	36
37322	99	345
37323	99	1265
37324	99	55
37325	99	1222
37326	99	594
37327	99	801
37328	99	446
37329	99	768
37330	99	741
37331	99	782
37332	99	1326
37333	99	713
37334	99	1221
37335	99	219
37336	99	50
37337	99	238
37338	99	71
37339	99	456
37340	99	464
37341	99	116
37342	99	522
37343	99	489
37344	99	395
37345	99	231
37346	99	70
37347	99	64
37348	99	38
37349	99	102
37350	99	216
37351	99	587
37352	99	711
37353	99	512
37354	99	679
37355	99	228
37356	99	956
37357	99	118
37358	99	7
37359	99	117
37360	99	756
37361	99	1219
37362	99	980
37363	99	94
37364	99	190
37365	99	766
37366	99	52
37367	99	539
37368	99	739
37369	99	556
37370	99	21
37371	99	542
37372	99	750
37373	99	461
37374	99	17
37375	99	22
37376	99	717
37377	99	1166
37378	99	135
37379	99	361
37380	99	97
37381	99	121
37382	99	79
37383	99	61
37384	99	585
37385	99	405
37386	99	81
37387	99	157
37388	99	789
37389	99	387
37390	99	179
37391	99	659
37392	99	1073
37393	99	13
37394	99	878
37395	99	274
37396	99	810
37397	99	375
37398	99	105
37399	99	308
37400	99	664
37401	99	790
37402	99	106
37403	99	627
37404	99	624
37405	99	298
37406	99	1196
37407	99	650
37408	99	966
37409	99	477
37410	99	1001
37411	99	166
37412	99	1409
37413	99	220
37414	99	1328
37415	99	176
37416	99	426
37417	99	1108
37418	99	547
37419	99	467
37420	99	320
37421	99	212
37422	99	234
37423	99	275
37424	99	893
37425	99	559
37426	99	971
37427	99	142
37428	99	757
37429	99	1614
37430	99	207
37431	99	538
37432	99	1491
37433	99	1250
37434	99	224
37435	99	828
37436	99	35
37437	99	600
37438	99	770
37439	99	943
37440	99	740
37441	99	66
37442	99	1033
37443	99	302
37444	99	399
37445	99	129
37446	99	832
37447	99	43
37448	99	91
37449	99	229
37450	99	111
37451	99	616
37452	99	8
37453	99	1431
37454	99	1102
37455	99	654
37456	99	1380
37457	99	1189
37458	99	1610
37459	99	87
37460	99	570
37461	99	151
37462	99	698
37463	99	647
37464	99	113
37465	99	410
37466	99	247
37467	99	909
37468	99	2
37469	99	54
37470	99	1063
37471	99	352
37472	99	658
37473	99	206
37474	99	149
37475	99	171
37476	99	357
37477	99	783
37478	99	197
37479	99	351
37480	99	265
37481	99	60
37482	99	678
37483	99	428
37484	100	717
37485	100	70
37486	100	186
37487	100	286
37488	100	1243
37489	100	18
37490	100	1239
37491	100	1566
37492	100	1221
37493	100	17
37494	100	129
37495	100	801
37496	100	146
37497	100	682
37498	100	138
37499	100	471
37500	100	1042
37501	100	765
37502	100	966
37503	100	1549
37504	100	561
37505	100	556
37506	100	789
37507	100	544
37508	100	36
37509	100	2
37510	100	114
37511	100	234
37512	100	8
37513	100	428
37514	100	168
37515	100	466
37516	100	489
37517	100	527
37518	100	331
37519	100	381
37520	100	919
37521	100	274
37522	100	619
37523	100	43
37524	100	179
37525	100	1063
37526	100	361
37527	100	876
37528	100	131
37529	100	388
37530	100	204
37531	100	327
37532	100	817
37533	100	270
37534	100	60
37535	100	220
37536	100	1329
37537	100	860
37538	100	395
37539	100	567
37540	100	1168
37541	100	265
37542	100	253
37543	100	467
37544	100	249
37545	100	140
37546	100	94
37547	100	122
37548	100	247
37549	100	1038
37550	100	1
37551	100	711
37552	100	766
37553	100	1435
37554	100	445
37555	100	150
37556	100	64
37557	100	1043
37558	100	843
37559	100	641
37560	100	41
37561	100	576
37562	100	35
37563	100	647
37564	100	768
37565	100	370
37566	100	157
37567	100	374
37568	100	238
37569	100	50
37570	100	38
37571	100	320
37572	100	446
37573	100	698
37574	100	342
37575	100	360
37576	100	597
37577	100	4
37578	100	13
37579	100	301
37580	100	39
37581	100	116
37582	100	117
37583	100	1724
37584	100	695
37585	100	782
37586	100	53
37587	100	828
37588	100	359
37589	100	115
37590	100	147
37591	100	515
37592	100	841
37593	100	22
37594	100	261
37595	100	564
37596	100	309
37597	100	104
37598	100	699
37599	100	375
37600	100	19
37601	100	121
37602	100	228
37603	100	500
37604	100	296
37605	100	142
37606	100	456
37607	100	21
37608	100	175
37609	100	744
37610	100	87
37611	100	308
37612	100	1406
37613	100	118
37614	100	302
37615	100	103
37616	100	323
37617	100	251
37618	100	810
37619	100	105
37620	100	763
37621	100	539
37622	100	1248
37623	100	126
37624	100	1222
37625	100	135
37626	100	170
37627	100	231
37628	100	1219
37629	100	243
37630	100	97
37631	100	945
37632	100	91
37633	100	410
37634	100	1541
37635	100	197
37636	100	430
37637	100	949
37638	100	96
37639	100	219
37640	100	174
37641	100	404
37642	100	223
37643	100	972
37644	100	531
37645	100	818
37646	100	502
37647	100	333
37648	100	596
37649	100	10
37650	100	679
37651	100	216
37652	100	444
37653	100	683
37654	100	66
37655	100	49
37656	100	120
37657	100	741
37658	100	600
37659	100	588
37660	100	279
37661	100	786
37662	100	878
37663	100	1161
37664	100	1214
37665	100	520
37666	100	280
37667	100	719
37668	100	678
37669	100	542
37670	100	469
37671	100	756
37672	100	1204
37673	100	409
37674	100	382
37675	100	850
37676	100	1453
37677	100	1129
37678	100	642
37679	100	986
37680	100	112
37681	100	266
37682	100	853
37683	100	78
37684	100	399
37685	100	298
37686	100	40
37687	100	477
37688	100	363
37689	100	1296
37690	100	541
37691	100	310
37692	100	547
37693	100	757
37694	100	277
37695	100	86
37696	100	345
37697	100	83
37698	100	387
37699	100	1226
37700	100	779
37701	100	881
37702	100	177
37703	100	32
37704	100	627
37705	100	1099
37706	100	1151
37707	100	771
37708	100	293
37709	100	380
37710	100	1196
37711	100	661
37712	100	283
37713	100	90
37714	100	171
37715	100	708
37716	100	1460
37717	100	465
37718	100	276
37719	100	971
37720	100	545
37721	100	1382
37722	100	155
37723	100	1189
37724	100	925
37725	100	111
37726	100	980
37727	100	583
37728	100	71
37729	100	184
37730	100	61
37731	100	58
37732	100	1148
37733	100	436
37734	100	1557
37735	100	166
37736	100	144
37737	100	621
37738	100	913
37739	100	1514
37740	100	1102
37741	100	618
37742	100	26
37743	100	405
37744	100	227
37745	100	7
37746	100	834
37747	100	1005
37748	100	1415
37749	100	353
37750	100	849
37751	100	650
37752	100	190
37753	100	1242
37754	100	12
37755	100	713
37756	100	1308
37757	100	935
37758	100	1039
37759	100	451
37760	100	288
37761	100	970
37762	100	343
37763	100	480
37764	100	139
37765	100	1380
37766	100	495
37767	100	106
37768	100	334
37769	100	416
37770	100	1143
37771	100	34
37772	100	649
37773	100	491
37774	100	92
37775	100	1250
37776	100	3
37777	100	88
37778	100	350
37779	100	442
37780	100	449
37781	100	422
37782	100	99
37783	100	1447
37784	100	1400
37785	100	81
37786	100	358
37787	100	132
37788	100	392
37789	100	473
37790	100	421
37791	100	149
37792	100	648
37793	100	909
37794	100	1035
37795	100	233
37796	100	250
37797	100	1190
37798	100	128
37799	100	585
37800	100	5
37801	100	820
37802	100	809
37803	100	969
37804	100	425
37805	100	822
37806	100	245
37807	100	490
37808	100	346
37809	100	107
37810	100	684
37811	100	823
37812	100	1252
37813	100	391
37814	100	472
37815	100	1247
37816	100	586
37817	100	975
37818	100	457
37819	100	859
37820	100	379
37821	100	721
37822	100	326
37823	100	102
37824	100	29
37825	100	206
37826	100	470
37827	100	1031
37828	100	550
37829	100	1022
37830	100	635
37831	100	154
37832	100	696
37833	100	271
37834	100	737
37835	100	767
37836	100	1235
37837	100	180
37838	100	958
37839	100	735
37840	100	133
37841	100	426
37842	100	256
37843	100	776
37844	100	55
37845	100	826
37846	100	924
37847	101	227
37848	101	144
37849	101	69
37850	101	1393
37851	101	1616
37852	101	982
37853	101	22
37854	101	220
37855	101	650
37856	101	1
37857	101	146
37858	101	687
37859	101	1163
37860	101	55
37861	101	535
37862	101	1143
37863	101	770
37864	101	1252
37865	101	17
37866	101	171
37867	101	981
37868	101	984
37869	101	135
37870	101	1235
37871	101	36
37872	101	314
37873	101	176
37874	101	741
37875	101	173
37876	101	1462
37877	101	1326
37878	101	688
37879	101	139
37880	101	525
37881	101	365
37882	101	231
37883	101	228
37884	101	466
37885	101	140
37886	101	320
37887	101	467
37888	101	461
37889	101	293
37890	101	111
37891	101	474
37892	101	234
37893	101	94
37894	101	422
37895	101	505
37896	101	186
37897	101	91
37898	101	331
37899	101	971
37900	101	717
37901	101	432
37902	101	805
37903	101	48
37904	101	749
37905	101	1472
37906	101	870
37907	101	820
37908	101	216
37909	101	114
37910	101	12
37911	101	768
37912	101	350
37913	101	361
37914	101	41
37915	101	18
37916	101	202
37917	101	177
37918	101	790
37919	101	54
37920	101	1243
37921	101	593
37922	101	475
37923	101	570
37924	101	883
37925	101	1257
37926	101	766
37927	101	170
37928	101	1241
37929	101	1005
37930	101	782
37931	101	53
37932	101	66
37933	101	430
37934	101	313
37935	101	219
37936	101	398
37937	101	414
37938	101	13
37939	101	323
37940	101	817
37941	101	828
37942	101	11
37943	101	8
37944	101	32
37945	101	122
37946	101	50
37947	101	70
37948	101	1221
37949	101	1102
37950	101	64
37951	101	684
37952	101	150
37953	101	129
37954	101	1222
37955	101	89
37956	101	904
37957	101	115
37958	101	769
37959	101	729
37960	101	871
37961	101	773
37962	101	515
37963	101	563
37964	101	379
37965	101	280
37966	101	679
37967	101	247
37968	101	465
37969	101	412
37970	101	1296
37971	101	835
37972	101	923
37973	101	179
37974	101	6
37975	101	75
37976	101	166
37977	101	591
37978	101	416
37979	101	617
37980	101	863
37981	101	824
37982	101	255
37983	101	471
37984	101	273
37985	101	809
37986	101	184
37987	101	71
37988	101	1242
37989	101	10
37990	101	19
37991	101	23
37992	101	1210
37993	101	1036
37994	101	294
37995	101	1042
37996	101	137
37997	101	676
37998	101	404
37999	101	751
38000	101	917
38001	101	694
38002	101	238
38003	101	1063
38004	101	1175
38005	101	739
38006	101	119
38007	101	913
38008	101	147
38009	101	43
38010	101	544
38011	101	1308
38012	101	642
38013	101	286
38014	101	161
38015	101	823
38016	101	666
38017	101	810
38018	101	409
38019	101	42
38020	101	682
38021	101	72
38022	101	359
38023	101	840
38024	101	986
38025	101	493
38026	101	102
38027	101	1303
38028	101	38
38029	101	826
38030	101	1219
38031	101	597
38032	101	98
38033	101	838
38034	101	433
38035	101	600
38036	101	27
38037	101	598
38038	101	7
38039	101	1488
38040	101	235
38041	101	103
38042	101	872
38043	101	1227
38044	101	699
38045	101	1250
38046	101	298
38047	101	893
38048	101	894
38049	101	78
38050	101	853
38051	101	4
38052	101	1148
38053	101	620
38054	101	1248
38055	101	985
38056	101	975
38057	101	360
38058	101	613
38059	101	539
38060	101	1363
38061	101	97
38062	101	665
38063	101	423
38064	101	347
38065	101	157
38066	101	1624
38067	101	1226
38068	101	608
38069	101	1167
38070	101	877
38071	101	1368
38072	101	698
38073	101	81
38074	101	799
38075	101	1152
38076	101	175
38077	101	1391
38078	101	496
38079	101	708
38080	101	30
38081	101	244
38082	101	1283
38083	101	897
38084	101	1224
38085	101	34
38086	101	726
38087	101	125
38088	101	937
38089	101	292
38090	101	750
38091	101	1244
38092	101	491
38093	101	380
38094	101	1020
38095	101	556
38096	101	1297
38097	101	1545
38098	101	574
38099	101	211
38100	101	757
38101	101	385
38102	101	442
38103	101	599
38104	101	90
38105	101	76
38106	101	145
38107	101	807
38108	101	924
38109	101	2
38110	101	306
38111	101	1333
38112	101	1141
38113	101	778
38114	101	3
38115	101	178
38116	101	972
38117	101	808
38118	101	816
38119	101	878
38120	101	21
38121	101	1386
38122	101	648
38123	101	190
38124	101	221
38125	101	645
38126	101	787
38127	101	410
38128	101	771
38129	101	1134
38130	101	456
38131	101	279
38132	101	337
38133	101	1035
38134	101	856
38135	101	552
38136	101	197
38137	101	336
38138	101	846
38139	101	1631
38140	101	494
38141	101	381
38142	101	980
38143	101	160
38144	101	356
38145	101	811
38146	101	895
38147	101	554
38148	101	143
38149	101	1089
38150	101	734
38151	101	29
38152	101	626
38153	101	520
38154	101	1456
38155	101	169
38156	101	126
38157	101	112
38158	101	223
38159	101	393
38160	101	803
38161	101	935
38162	101	1543
38163	101	796
38164	101	265
38165	101	692
38166	101	242
38167	101	721
38168	101	278
38169	101	401
38170	101	251
38171	101	1239
38172	101	342
38173	101	212
38174	101	602
38175	101	644
38176	101	138
38177	101	519
38178	101	386
38179	101	477
38180	101	945
38181	101	616
38182	101	86
38183	101	413
38184	101	154
38185	101	1214
38186	101	26
38187	101	1204
38188	101	1299
38189	101	587
38190	101	464
38191	101	806
38192	101	670
38193	101	204
38194	101	451
38195	101	20
38196	101	387
38197	101	210
38198	101	1601
38199	101	168
38200	101	1566
38201	101	155
38202	101	85
38203	101	1360
38204	101	35
38205	101	1474
38206	101	1309
38207	102	38
38208	102	43
38209	102	251
38210	102	91
38211	102	5
38212	102	19
38213	102	1221
38214	102	250
38215	102	53
38216	102	1260
38217	102	6
38218	102	996
38219	102	146
38220	102	72
38221	102	306
38222	102	50
38223	102	642
38224	102	445
38225	102	1252
38226	102	717
38227	102	345
38228	102	981
38229	102	465
38230	102	956
38231	102	70
38232	102	86
38233	102	10
38234	102	1241
38235	102	809
38236	102	173
38237	102	1462
38238	102	544
38239	102	684
38240	102	562
38241	102	145
38242	102	796
38243	102	515
38244	102	261
38245	102	20
38246	102	228
38247	102	338
38248	102	143
38249	102	1590
38250	102	808
38251	102	79
38252	102	78
38253	102	552
38254	102	168
38255	102	55
38256	102	461
38257	102	21
38258	102	293
38259	102	1315
38260	102	686
38261	102	1220
38262	102	41
38263	102	786
38264	102	467
38265	102	1227
38266	102	585
38267	102	1219
38268	102	975
38269	102	331
38270	102	27
38271	102	85
38272	102	395
38273	102	315
38274	102	937
38275	102	565
38276	102	40
38277	102	66
38278	102	966
38279	102	819
38280	102	404
38281	102	898
38282	102	76
38283	102	325
38284	102	693
38285	102	1244
38286	102	1276
38287	102	57
38288	102	742
38289	102	150
38290	102	88
38291	102	346
38292	102	790
38293	102	494
38294	102	971
38295	102	94
38296	102	22
38297	102	1173
38298	102	116
38299	102	382
38300	102	175
38301	102	122
38302	102	698
38303	102	414
38304	102	1250
38305	102	753
38306	102	155
38307	102	12
38308	102	120
38309	102	795
38310	102	379
38311	102	211
38312	102	17
38313	102	651
38314	102	49
38315	102	128
38316	102	221
38317	102	1382
38318	102	1348
38319	102	757
38320	102	1015
38321	102	157
38322	102	44
38323	102	406
38324	102	109
38325	102	279
38326	102	512
38327	102	921
38328	102	739
38329	102	142
38330	102	383
38331	102	909
38332	102	1360
38333	102	144
38334	102	298
38335	102	836
38336	102	766
38337	102	161
38338	102	234
38339	102	8
38340	102	39
38341	102	310
38342	102	245
38343	102	71
38344	102	864
38345	102	74
38346	102	1185
38347	102	236
38348	102	140
38349	102	103
38350	102	570
38351	103	695
38352	103	255
38353	103	69
38354	103	6
38355	103	87
38356	103	32
38357	103	717
38358	103	1026
38359	103	70
38360	103	470
38361	103	357
38362	103	50
38363	103	129
38364	103	26
38365	103	38
38366	103	155
38367	103	490
38368	103	698
38369	103	552
38370	103	1326
38371	103	981
38372	103	135
38373	103	1291
38374	103	66
38375	103	1250
38376	103	1219
38377	103	218
38378	103	515
38379	103	872
38380	103	1241
38381	103	1
38382	103	58
38383	103	585
38384	103	138
38385	103	1086
38386	103	144
38387	103	150
38388	103	267
38389	103	331
38390	103	1244
38391	103	18
38392	103	146
38393	103	116
38394	103	1246
38395	103	245
38396	103	250
38397	103	1013
38398	103	15
38399	103	254
38400	103	314
38401	103	19
38402	103	10
38403	103	102
38404	103	94
38405	103	63
38406	103	1087
38407	103	442
38408	103	71
38409	103	544
38410	103	1299
38411	103	33
38412	103	712
38413	103	424
38414	103	204
38415	103	28
38416	103	1102
38417	103	61
38418	103	505
38419	103	676
38420	103	1371
38421	103	956
38422	103	1221
38423	103	850
38424	103	83
38425	103	278
38426	103	711
38427	103	1043
38428	103	637
38429	103	5
38430	103	65
38431	103	326
38432	103	844
38433	103	251
38434	103	35
38435	103	261
38436	103	110
38437	103	115
38438	103	17
38439	103	36
38440	103	22
38441	103	1063
38442	103	810
38443	103	186
38444	103	231
38445	103	27
38446	103	16
38447	103	1462
38448	103	753
38449	103	619
38450	103	111
38451	103	732
38452	103	968
38453	103	320
38454	103	211
38455	103	52
38456	103	41
38457	103	1218
38458	103	597
38459	103	120
38460	103	106
38461	103	654
38462	103	414
38463	103	398
38464	103	522
38465	103	191
38466	103	8
38467	103	43
38468	103	122
38469	103	140
38470	103	1024
38471	103	401
38472	103	655
38473	103	1370
38474	103	461
38475	103	79
38476	103	3
38477	103	930
38478	103	280
38479	103	315
38480	103	469
38481	103	563
38482	103	953
38483	103	76
38484	103	996
38485	103	547
38486	103	173
38487	103	1222
38488	103	642
38489	103	412
38490	103	81
38491	103	740
38492	103	394
38493	103	450
38494	103	1242
38495	103	12
38496	103	145
38497	103	55
38498	103	323
38499	103	1231
38500	103	262
38501	103	377
38502	103	48
38503	103	917
38504	103	648
38505	103	848
38506	103	90
38507	103	1601
38508	103	104
38509	103	502
38510	103	91
38511	103	54
38512	103	279
38513	103	234
38514	103	359
38515	103	668
38516	103	31
38517	103	161
38518	103	445
38519	103	567
38520	103	569
38521	103	444
38522	103	859
38523	103	1113
38524	103	228
38525	103	404
38526	103	72
38527	103	770
38528	103	1715
38529	103	673
38530	103	1156
38531	103	542
38532	103	40
38533	103	555
38534	103	474
38535	103	53
38536	103	468
38537	103	699
38538	103	310
38539	103	520
38540	103	123
38541	103	1252
38542	103	1081
38543	103	1036
38544	103	39
38545	103	157
38546	103	465
38547	103	147
38548	103	99
38549	103	1005
38550	103	1364
38551	103	535
38552	103	789
38553	103	1074
38554	103	118
38555	103	975
38556	103	494
38557	103	599
38558	103	1296
38559	103	143
38560	103	246
38561	103	773
38562	103	769
38563	103	826
38564	103	964
38565	103	360
38566	103	811
38567	103	670
38568	103	156
38569	103	757
38570	103	11
38571	103	1007
38572	103	864
38573	103	983
38574	103	84
38575	103	1191
38576	103	86
38577	103	30
38578	103	1227
38579	103	863
38580	103	921
38581	103	233
38582	103	950
38583	103	239
38584	103	873
38585	103	378
38586	103	880
38587	103	1321
38588	103	782
38589	103	175
38590	103	160
38591	103	540
38592	103	713
38593	103	466
38594	103	1166
38595	103	1089
38596	103	2
38597	103	387
38598	103	178
38599	103	1454
38600	103	971
38601	103	308
38602	103	1439
38603	103	987
38604	103	428
38605	103	819
38606	103	683
38607	103	134
38608	103	1303
38609	103	448
38610	103	346
38611	103	379
38612	103	751
38613	103	1313
38614	103	1226
38615	103	181
38616	103	687
38617	103	293
38618	103	130
38619	103	184
38620	103	109
38621	103	301
38622	103	384
38623	103	604
38624	103	706
38625	103	142
38626	103	78
38627	103	376
38628	103	446
38629	103	1181
38630	103	158
38631	103	185
38632	103	1329
38633	103	410
38634	103	594
38635	103	570
38636	103	20
38637	103	618
38638	103	671
38639	103	4
38640	103	1247
38641	103	141
38642	103	67
38643	103	64
38644	103	206
38645	103	98
38646	103	980
38647	103	121
38648	103	117
38649	103	265
38650	103	34
38651	103	1406
38652	103	941
38653	103	399
38654	103	783
38655	103	128
38656	103	817
38657	103	809
38658	103	828
38659	103	49
38660	103	105
38661	103	795
38662	103	14
38663	103	238
38664	103	539
38665	103	913
38666	103	253
38667	103	124
38668	103	741
38669	104	253
38670	104	106
38671	104	144
38672	104	375
38673	104	478
38674	104	63
38675	104	99
38676	104	719
38677	104	930
38678	104	844
38679	104	642
38680	104	339
38681	104	1138
38682	104	902
38683	104	34
38684	104	627
38685	104	806
38686	104	310
38687	104	326
38688	104	936
38689	104	741
38690	104	94
38691	104	1146
38692	104	49
38693	104	10
38694	104	561
38695	104	78
38696	104	1
38697	104	465
38698	104	90
38699	104	404
38700	104	6
38701	104	399
38702	104	86
38703	104	563
38704	104	22
38705	104	664
38706	104	105
38707	104	234
38708	104	963
38709	104	1226
38710	104	715
38711	104	828
38712	104	135
38713	104	941
38714	104	116
38715	104	717
38716	104	21
38717	104	597
38718	104	315
38719	104	713
38720	104	36
38721	104	526
38722	104	262
38723	104	280
38724	104	567
38725	104	120
38726	104	1642
38727	104	750
38728	104	87
38729	104	251
38730	104	756
38731	104	579
38732	104	1301
38733	104	859
38734	104	3
38735	104	658
38736	104	156
38737	104	50
38738	104	16
38739	104	32
38740	104	616
38741	104	160
38742	104	81
38743	104	138
38744	104	39
38745	104	618
38746	104	54
38747	104	161
38748	104	206
38749	104	134
38750	104	1242
38751	104	19
38752	104	7
38753	104	383
38754	104	5
38755	104	544
38756	104	696
38757	104	771
38758	104	360
38759	104	2
38760	104	306
38761	104	1299
38762	104	187
38763	104	870
38764	104	48
38765	104	1289
38766	104	432
38767	104	4
38768	104	576
38769	104	1113
38770	104	53
38771	104	1614
38772	104	43
38773	104	422
38774	104	76
38775	104	585
38776	104	858
38777	104	1189
38778	104	91
38779	104	515
38780	104	216
38781	104	556
38782	104	442
38783	104	666
38784	104	295
38785	104	809
38786	104	379
38787	104	114
38788	104	370
38789	104	502
38790	104	70
38791	104	159
38792	104	555
38793	104	279
38794	104	836
38795	104	69
38796	104	1241
38797	104	147
38798	104	12
38799	104	146
38800	104	175
38801	104	75
38802	104	17
38803	104	816
38804	104	1175
38805	104	204
38806	104	512
38807	104	937
38808	104	949
38809	104	55
38810	104	790
38811	104	975
38812	104	298
38813	104	293
38814	104	1156
38815	104	595
38816	104	141
38817	104	44
38818	104	682
38819	104	446
38820	104	344
38821	104	115
38822	104	211
38823	104	1321
38824	104	38
38825	104	58
38826	104	143
38827	104	67
38828	104	428
38829	104	1252
38830	104	996
38831	104	620
38832	104	382
38833	104	1221
38834	104	1244
38835	104	950
38836	104	1110
38837	104	731
38838	104	1247
38839	104	414
38840	104	41
38841	104	294
38842	104	670
38843	104	185
38844	104	79
38845	104	412
38846	104	648
38847	104	398
38848	104	782
38849	104	72
38850	104	898
38851	104	864
38852	104	1544
38853	104	531
38854	104	757
38855	104	650
38856	104	1227
38857	104	1074
38858	104	1029
38859	104	104
38860	104	1303
38861	104	1292
38862	104	708
38863	104	352
38864	104	744
38865	104	971
38866	104	692
38867	104	736
38868	104	795
38869	104	37
38870	104	467
38871	104	228
38872	104	1297
38873	104	450
38874	104	921
38875	104	739
38876	104	137
38877	104	129
38878	104	196
38879	104	273
38880	104	1715
38881	104	872
38882	104	474
38883	104	1240
38884	104	64
38885	104	1275
38886	104	351
38887	104	661
38888	104	542
38889	104	364
38890	104	110
38891	104	377
38892	104	1028
38893	104	868
38894	104	14
38895	104	878
38896	104	387
38897	104	302
38898	104	789
38899	104	264
38900	104	829
38901	104	570
38902	104	1051
38903	104	1219
38904	104	73
38905	104	331
38906	104	863
38907	104	221
38908	104	665
38909	104	892
38910	104	477
38911	104	246
38912	104	274
38913	104	520
38914	104	140
38915	104	693
38916	104	956
