rowcode	selection	commodity
74403	180	701
74404	180	36
74405	180	881
74406	180	576
74407	180	72
74408	180	361
74409	180	50
74410	180	146
74411	180	1126
74412	180	174
74413	180	171
74414	180	236
74415	180	447
74416	180	341
74417	180	710
74418	180	22
74419	180	179
74420	180	56
74421	180	189
74422	180	7
74423	180	389
74424	180	954
74425	180	695
74426	180	945
74427	180	1529
74428	180	318
74429	180	270
74430	180	150
74431	180	19
74432	180	1235
74433	180	252
74434	180	218
74435	180	682
74436	180	262
74437	180	2
74438	180	39
74439	180	731
74440	180	12
74441	180	1524
74442	180	1557
74443	180	653
74444	180	395
74445	180	677
74446	180	860
74447	180	888
74448	180	1013
74449	180	219
74450	180	482
74451	180	106
74452	180	42
74453	180	320
74454	180	175
74455	180	208
74456	180	308
74457	180	531
74458	180	484
74459	180	151
74460	180	105
74461	180	1810
74462	180	984
74463	180	117
74464	180	995
74465	180	388
74466	180	302
74467	180	472
74468	180	191
74469	180	797
74470	180	34
74471	180	497
74472	180	8
74473	180	744
74474	180	70
74475	180	674
74476	180	97
74477	180	32
74478	180	255
74479	180	3
74480	180	324
74481	180	6
74482	180	490
74483	180	438
74484	180	709
74485	180	637
74486	180	130
74487	180	114
74488	180	309
74489	180	445
74490	180	446
74491	180	809
74492	180	610
74493	180	1
74494	180	748
74495	180	26
74496	180	295
74497	180	570
74498	180	473
74499	180	269
74500	180	1543
74501	180	467
74502	180	404
74503	180	176
74504	180	901
74505	180	99
74506	180	611
74507	180	228
74508	180	238
74509	180	832
74510	180	1277
74511	180	342
74512	180	993
74513	180	57
74514	180	1020
74515	180	115
74516	180	938
74517	180	845
74518	180	1657
74519	180	493
74520	180	1750
74521	180	149
74522	180	905
74523	180	1035
74524	180	1026
74525	180	173
74526	180	116
74527	180	480
74528	180	317
74529	180	500
74530	180	865
74531	180	206
74532	180	912
74533	180	1027
74534	180	964
74535	180	463
74536	180	894
74537	180	9
74538	180	926
74539	180	91
74540	180	952
74541	180	987
74542	180	573
74543	180	639
74544	180	990
74545	180	193
74546	180	391
74547	180	1197
74548	180	898
74549	180	727
74550	180	805
74551	180	33
74552	180	1139
74553	180	720
74554	180	17
74555	180	1699
74556	180	931
74557	180	96
74558	180	246
74559	180	94
74560	180	140
74561	180	103
74562	180	403
74563	180	1009
74564	180	59
74565	180	507
74566	180	1217
74567	180	249
74568	180	1357
74569	180	31
74570	180	869
74571	180	495
74572	180	138
74573	180	200
74574	180	774
74575	180	336
74576	180	280
74577	180	172
74578	180	668
74579	180	360
74580	180	66
74581	180	102
74582	180	436
74583	180	452
74584	180	328
74585	180	501
74586	180	78
74587	180	348
74588	180	247
74589	180	292
74590	180	21
74591	180	92
74592	180	670
74593	180	44
74594	180	806
74595	180	291
74596	180	816
74597	180	698
74598	180	287
74599	180	861
74600	180	281
74601	180	372
74602	180	229
74603	180	266
74604	180	54
74605	180	654
74606	180	1122
74607	180	510
74608	180	818
74609	180	469
74610	180	301
74611	180	559
74612	180	338
74613	180	333
74614	180	385
74615	180	461
74616	180	560
74617	180	549
74618	180	429
74619	180	284
74620	180	451
74621	180	722
74622	180	508
74623	180	379
74624	180	665
74625	180	180
74626	180	243
74627	180	352
74628	180	486
74629	180	319
74630	180	235
74631	180	104
74632	180	286
74633	180	1002
74634	180	468
74635	180	608
74636	180	471
74637	180	358
74638	180	398
74639	180	327
74640	180	197
74641	180	378
74642	180	294
74643	180	1030
74644	180	558
74645	180	1074
74646	180	717
74647	180	935
74648	180	783
74649	180	288
74650	180	460
74651	180	166
74652	180	588
74653	180	370
74654	180	164
74655	180	856
74656	180	273
74657	180	786
74658	180	679
74659	180	424
74660	180	946
74661	180	53
74662	180	798
74663	180	207
74664	180	1421
74665	180	1329
74666	180	444
74667	180	212
74668	180	1036
74669	180	55
74670	180	1560
74671	180	1048
74672	180	190
74673	180	250
74674	180	996
74675	180	214
74676	180	1068
74677	180	234
74678	180	98
74679	180	1811
74680	180	196
74681	180	893
74682	180	1696
74683	180	712
74684	180	546
74685	180	597
74686	180	1100
74687	180	186
74688	180	678
74689	180	322
74690	180	1476
74691	180	331
74692	180	1435
74693	180	118
74694	180	41
74695	180	1482
74696	180	40
74697	180	321
74698	180	897
74699	180	584
74700	180	18
74701	180	586
74702	180	413
74703	180	866
74704	180	132
74705	180	244
74706	180	1812
74707	180	253
74708	180	251
74709	180	851
74710	180	528
74711	180	326
74712	180	1069
74713	180	232
74714	180	195
74715	180	142
74716	180	181
74717	180	161
74718	180	563
74719	180	1365
74720	180	224
74721	180	124
74722	180	332
74723	180	627
74724	180	133
74725	180	84
74726	180	683
74727	180	751
74728	180	427
74729	180	552
74730	180	593
74731	180	120
74732	180	607
74733	180	822
74734	180	739
74735	180	1646
74736	180	1141
74737	180	441
74738	180	746
74739	180	553
74740	180	112
74741	180	225
74742	180	221
74743	180	87
74744	180	1156
74745	180	300
74746	180	435
74747	180	965
74748	180	433
74749	180	45
74750	180	376
74751	180	756
74752	180	812
74753	180	182
74754	180	344
74755	180	1108
74756	180	48
74757	180	396
74758	180	784
74759	180	258
74760	180	267
74761	180	203
74762	180	1610
74763	180	737
74764	180	509
74765	180	1101
74766	180	924
74767	180	1805
74768	180	1481
74769	180	1315
74770	180	1239
74771	180	1121
74772	180	691
74773	180	111
74774	180	1589
74775	180	314
74776	180	920
74777	180	673
74778	180	35
74779	180	416
74780	180	643
74781	180	1179
74782	180	647
74783	180	1262
74784	180	999
74785	180	1334
74786	180	121
74787	180	530
74788	180	5
74789	180	268
74790	180	595
74791	180	771
74792	180	213
74793	180	1010
74794	180	1062
74795	180	113
74796	180	687
74797	180	863
74798	180	1111
74799	180	464
74800	180	1064
74801	180	1733
74802	180	680
74803	180	705
74804	180	787
74805	180	1065
74806	180	158
74807	180	1436
74808	180	399
74809	180	602
74810	180	540
74811	180	652
74812	180	369
74813	180	1267
74814	180	782
74815	180	470
74816	180	274
74817	180	437
74818	180	1162
74819	180	1447
74820	180	1104
74821	180	1231
74822	180	299
74823	180	347
74824	180	52
74825	180	305
74826	180	364
74827	180	895
74828	180	453
74829	180	407
74830	180	426
74831	180	638
74832	180	867
74833	180	686
74834	180	145
74835	180	227
74836	180	849
74837	180	418
74838	180	1518
74839	180	10
74840	180	297
74841	180	981
74842	180	279
74843	180	1520
74844	180	316
74845	180	1056
74846	180	1088
74847	180	1046
74848	180	925
74849	180	1351
74850	180	367
74851	180	478
74852	180	183
74853	180	156
74854	180	14
74855	180	340
74856	180	144
74857	180	256
74858	180	632
74859	180	1813
74860	180	375
74861	180	1223
74862	180	1756
74863	180	474
74864	180	492
74865	180	628
74866	180	271
74867	180	568
74868	180	357
74869	180	240
74870	180	1025
74871	180	1782
74872	180	1165
74873	180	1096
74874	180	199
74875	180	526
74876	180	522
74877	180	825
74878	180	345
74879	180	1479
74880	180	1163
74881	180	949
74882	180	15
74883	180	742
74884	180	71
74885	180	77
74886	180	1814
74887	180	275
74888	180	1673
74889	180	775
74890	180	1055
74891	180	755
74892	180	1745
74893	180	659
74894	180	1487
74895	180	88
74896	180	936
74897	180	90
74898	180	1466
74899	180	4
74900	180	109
74901	180	306
74902	180	325
74903	180	700
74904	180	562
74905	180	339
74906	180	555
74907	180	802
74908	180	136
74909	180	932
74910	180	979
74911	180	187
74912	180	457
74913	180	392
74914	180	1029
74915	180	1147
74916	180	1368
74917	180	1409
74918	180	1374
74919	180	521
74920	180	356
74921	180	119
74922	180	312
74923	180	1109
74924	180	941
74925	180	571
74926	180	61
74927	180	582
74928	180	1373
74929	180	384
74930	180	353
74931	180	487
74932	180	606
74933	180	476
74934	180	226
74935	180	950
74936	180	1587
74937	180	713
74938	180	711
74939	180	871
74940	180	261
74941	180	231
74942	180	1218
74943	180	456
74944	180	465
74945	180	283
74946	180	1506
74947	180	131
74948	180	303
74949	180	257
74950	180	1089
74951	180	561
74952	180	1379
74953	180	966
74954	180	458
74955	180	440
74956	180	827
74957	180	551
74958	180	63
74959	180	359
74960	180	770
74961	180	442
74962	180	162
74963	180	516
74964	180	657
74965	180	1210
74966	180	1614
74967	180	907
74968	180	1066
74969	180	1754
74970	180	1776
74971	180	803
74972	180	617
74973	180	223
74974	180	323
74975	180	585
74976	180	69
74977	180	1000
74978	180	454
74979	180	715
74980	180	1817
74981	180	800
74982	180	660
74983	180	874
74984	180	1767
74985	180	65
74986	180	1114
74987	180	556
74988	180	565
74989	180	1242
74990	180	790
74991	180	982
74992	180	589
74993	180	613
74994	180	285
74995	180	980
74996	180	609
74997	180	616
74998	180	60
74999	180	1671
75000	180	201
75001	180	1057
75002	180	137
75003	180	417
75004	180	159
75005	180	1116
75006	180	887
75007	180	1569
75008	180	569
75009	180	537
75010	180	450
75011	180	410
75012	180	310
75013	180	1534
75014	180	1143
75015	180	942
75016	180	848
75017	180	997
75018	180	428
75019	180	535
75020	180	877
75021	180	819
75022	180	1021
75023	180	592
75024	180	618
75025	180	483
75026	180	1377
75027	180	1102
75028	180	733
75029	180	289
75030	180	801
75031	180	542
75032	180	506
75033	180	222
75034	180	335
75035	180	466
75036	180	1433
75037	180	462
75038	180	916
75039	180	834
75040	180	1712
75041	180	1303
75042	180	422
75043	180	648
75044	180	621
75045	180	1067
75046	180	577
75047	180	80
75048	180	838
75049	180	547
75050	180	1226
75051	180	89
75052	180	1058
75053	180	434
75054	180	658
75055	180	1577
75056	180	1215
75057	180	123
75058	180	664
75059	180	1206
75060	180	107
75061	180	567
75062	180	1040
75063	180	401
75064	180	64
75065	180	708
75066	180	346
75067	180	669
75068	180	587
75069	180	1491
75070	180	619
75071	180	719
75072	180	930
75073	180	989
75074	180	1652
75075	180	481
75076	180	1044
75077	180	1022
75078	180	1017
75079	180	1764
75080	180	51
75081	180	1595
75082	180	1039
75083	180	817
75084	180	650
75085	180	1028
75086	180	735
75087	180	536
75088	180	615
75089	180	1164
75090	180	1304
75091	180	1270
75092	180	1501
75093	180	505
75094	180	432
75095	180	1274
75096	180	85
75097	180	1752
75098	180	1677
75099	180	1247
75100	180	1327
75101	180	1202
75102	180	1080
75103	180	431
75104	180	439
75105	180	1451
75106	180	1640
75107	180	1484
75108	181	55
75109	181	360
75110	181	247
75111	181	7
75112	181	146
75113	181	9
75114	181	326
75115	181	287
75116	181	175
75117	181	531
75118	181	612
75119	181	284
75120	181	922
75121	181	797
75122	181	701
75123	181	138
75124	181	120
75125	181	235
75126	181	344
75127	181	34
75128	181	717
75129	181	56
75130	181	191
75131	181	816
75132	181	509
75133	181	130
75134	181	161
75135	181	552
75136	181	302
75137	181	291
75138	181	806
75139	181	600
75140	181	336
75141	181	96
75142	181	576
75143	181	341
75144	181	342
75145	181	352
75146	181	907
75147	181	172
75148	181	97
75149	181	698
75150	181	269
75151	181	59
75152	181	460
75153	181	447
75154	181	266
75155	181	751
75156	181	510
75157	181	203
75158	181	473
75159	181	98
75160	181	436
75161	181	87
75162	181	607
75163	181	17
75164	181	748
75165	181	1093
75166	181	414
75167	181	586
75168	181	206
75169	181	1578
75170	181	340
75171	181	297
75172	181	384
75173	181	434
75174	181	132
75175	181	308
75176	181	702
75177	181	179
75178	181	223
75179	181	226
75180	181	588
75181	181	57
75182	181	15
75183	181	648
75184	181	1550
75185	181	1363
75186	181	213
75187	181	618
75188	181	691
75189	181	670
75190	181	241
75191	181	497
75192	181	261
75193	181	52
75194	181	818
75195	181	44
75196	181	706
75197	181	19
75198	181	180
75199	181	84
75200	181	455
75201	181	1045
75202	181	189
75203	181	753
75204	181	438
75205	181	1002
75206	181	328
75207	181	221
75208	181	1505
75209	181	173
75210	181	1577
75211	181	610
75212	181	363
75213	181	234
75214	181	786
75215	181	1524
75216	181	362
75217	181	5
75218	181	320
75219	181	218
75220	181	4
75221	181	587
75222	181	219
75223	181	301
75224	181	174
75225	181	243
75226	181	194
75227	181	795
75228	181	54
75229	181	401
75230	181	1035
75231	181	295
75232	181	192
75233	181	116
75234	181	39
75235	181	278
75236	181	317
75237	181	262
75238	181	26
75239	181	1744
75240	181	964
75241	181	294
75242	181	398
75243	181	149
75244	181	446
75245	181	36
75246	181	767
75247	181	832
75248	181	722
75249	181	918
75250	181	389
75251	181	324
75252	181	196
75253	181	454
75254	181	176
75255	181	8
75256	181	744
75257	181	972
75258	181	461
75259	181	3
75260	181	333
75261	181	327
75262	181	492
75263	181	966
75264	181	399
75265	181	246
75266	181	512
75267	181	379
75268	181	392
75269	181	385
75270	181	1163
75271	181	482
75272	181	1116
75273	181	424
75274	181	847
75275	181	230
75276	181	66
75277	181	404
75278	181	452
75279	181	164
75280	181	151
75281	181	361
75282	181	480
75283	181	1025
75284	181	403
75285	181	467
75286	181	53
75287	181	357
75288	181	844
75289	181	516
75290	181	114
75291	181	660
75292	181	809
75293	181	147
75294	181	674
75295	181	244
75296	181	656
75297	181	1080
75298	181	450
75299	181	1686
75300	181	103
75301	181	112
75302	181	597
75303	181	370
75304	181	710
75305	181	32
75306	181	938
75307	181	954
75308	181	314
75309	181	271
75310	181	543
75311	181	782
75312	181	292
75313	181	190
75314	181	229
75315	181	212
75316	181	197
75317	181	857
75318	181	376
75319	181	365
75320	181	319
75321	181	186
75322	181	185
75323	181	102
75324	181	115
75325	181	687
75326	181	860
75327	181	293
75328	181	511
75329	181	1631
75330	181	546
75331	181	1176
75332	181	504
75333	181	257
75334	181	109
75335	181	680
75336	181	256
75337	181	356
75338	181	1574
75339	181	61
75340	181	462
75341	181	228
75342	181	1376
75343	181	523
75344	181	458
75345	181	637
75346	181	739
75347	181	1128
75348	181	64
75349	181	91
75350	181	1007
75351	181	650
75352	181	582
75353	181	290
75354	181	540
75355	181	657
75356	181	466
75357	181	358
75358	181	6
75359	181	679
75360	181	377
75361	181	63
75362	181	136
75363	181	1048
75364	181	123
75365	181	105
75366	181	1065
75367	181	700
75368	181	621
75369	181	519
75370	181	1034
75371	181	849
75372	181	49
75373	181	157
75374	181	160
75375	181	331
75376	181	1097
75377	181	923
75378	181	604
75379	181	346
75380	181	1368
75381	181	1792
75382	181	569
75383	181	585
75384	181	70
75385	181	1205
75386	181	456
75387	181	448
75388	181	563
75389	181	1322
75390	181	274
75391	181	28
75392	181	231
75393	181	113
75394	181	465
75395	181	51
75396	181	592
75397	181	619
75398	181	783
75399	181	573
75400	181	449
75401	181	611
75402	181	316
75403	181	1602
75404	181	897
75405	181	557
75406	181	488
75407	181	238
75408	181	893
75409	181	711
75410	181	42
75411	181	388
75412	181	171
75413	181	673
75414	181	214
75415	181	1100
75416	181	671
75417	181	412
75418	181	1135
75419	181	478
75420	181	428
75421	181	249
75422	181	117
75423	181	1036
75424	181	1313
75425	181	526
75426	181	973
75427	181	616
75428	181	507
75429	181	310
75430	181	280
75431	181	615
75432	181	202
75433	181	631
75434	181	201
75435	181	270
75436	181	686
75437	181	798
75438	181	106
75439	181	878
75440	181	1395
75441	181	16
75442	181	528
75443	181	211
75444	181	595
75445	181	1156
75446	181	2
75447	181	736
75448	181	487
75449	181	199
75450	181	1487
75451	181	868
75452	181	133
75453	181	41
75454	181	794
75455	181	92
75456	181	76
75457	181	104
75458	181	251
75459	181	387
75460	181	469
75461	181	391
75462	181	865
75463	181	338
75464	181	10
75465	181	664
75466	181	255
75467	181	1117
75468	181	1378
75469	181	137
75470	181	321
75471	181	423
75472	181	815
75473	181	378
75474	181	252
75475	181	1773
75476	181	495
75477	181	416
75478	181	629
75479	181	769
75480	181	740
75481	181	78
75482	181	318
75483	181	812
75484	181	538
75485	181	159
75486	181	681
75487	181	156
75488	181	1523
75489	181	18
75490	181	410
75491	181	560
75492	181	738
75493	181	1586
75494	181	150
75495	181	561
75496	181	869
75497	181	198
75498	181	417
75499	181	484
75500	181	668
75501	181	555
75502	181	22
75503	181	1096
75504	181	697
75505	181	871
75506	181	826
75507	181	40
75508	181	1011
75509	181	853
75510	181	88
75511	181	666
75512	181	485
75513	181	1259
75514	181	781
75515	181	522
75516	181	27
75517	181	343
75518	181	1379
75519	181	524
75520	181	1143
75521	181	195
75522	181	72
75523	181	617
75524	181	415
75525	181	633
75526	181	638
75527	181	111
75528	181	250
75529	181	329
75530	181	1181
75531	181	930
75532	181	79
75533	181	37
75534	181	630
75535	181	584
75536	181	1087
75537	181	491
75538	181	353
75539	181	946
75540	181	955
75541	181	1029
75542	181	614
75543	181	770
75544	181	143
75545	181	486
75546	181	265
75547	181	239
75548	181	541
75549	181	1103
75550	181	298
75551	181	21
75552	181	846
75553	181	542
75554	181	1754
75555	181	258
75556	181	264
75557	181	1188
75558	181	81
75559	181	505
75560	181	11
75561	181	65
75562	181	168
75563	181	1520
75564	181	896
75565	181	253
75566	181	463
75567	181	1732
75568	181	330
75569	181	947
75570	181	71
75571	181	119
75572	181	729
75573	181	413
75574	181	1507
75575	181	602
75576	181	339
75577	181	791
75578	181	1377
75579	181	1725
75580	181	971
75581	181	375
75582	181	745
75583	181	304
75584	181	951
75585	181	848
75586	181	1506
75587	181	508
75588	181	267
75589	181	565
75590	181	1060
75591	181	24
75592	181	1066
75593	181	1391
75594	181	1068
75595	181	838
75596	181	583
75597	181	845
75598	181	1185
75599	181	727
75600	181	471
75601	181	867
75602	181	567
75603	181	500
75604	181	554
75605	181	1074
75606	181	13
75607	181	396
75608	181	799
75609	181	94
75610	181	493
75611	181	303
75612	181	312
75613	181	1815
75614	181	1173
75615	181	1777
75616	181	204
75617	181	733
75618	181	299
75619	181	640
75620	181	1341
75621	181	273
75622	181	935
75623	181	245
75624	181	547
75625	181	1027
75626	181	50
75627	181	490
75628	181	834
75629	181	663
75630	181	784
75631	181	444
75632	181	1132
75633	181	453
75634	181	1151
75635	181	181
75636	181	459
75637	181	187
75638	181	1458
75639	181	286
75640	181	672
75641	181	933
75642	181	431
75643	181	914
75644	181	793
75645	181	678
75646	181	166
75647	181	158
75648	181	861
75649	181	1053
75650	181	762
75651	181	824
75652	181	658
75653	181	468
75654	181	968
75655	181	121
75656	181	451
75657	181	325
75658	181	1022
75659	181	1519
75660	181	626
75661	181	1264
75662	181	1672
75663	181	920
75664	181	90
75665	181	1374
75666	181	131
75667	181	33
75668	181	1549
75669	181	572
75670	181	659
75671	181	535
75672	181	1403
75673	181	400
75674	181	1024
75675	181	407
75676	181	549
75677	181	985
75678	181	1223
75679	181	99
75680	181	574
75681	181	216
75682	181	1409
75683	181	200
75684	181	457
75685	181	760
75686	181	662
75687	181	652
75688	181	789
75689	181	1146
75690	181	814
75691	181	863
75692	181	75
75693	181	1047
75694	181	1525
75695	181	692
75696	181	556
75697	181	369
75698	181	625
75699	181	154
75700	181	591
75701	181	254
75702	181	1489
75703	181	279
75704	182	775
75705	182	473
75706	182	2
75707	182	1614
75708	182	586
75709	182	1167
75710	182	495
75711	182	97
75712	182	98
75713	182	1719
75714	182	116
75715	182	54
75716	182	235
75717	182	344
75718	182	1032
75719	182	1068
75720	182	1087
75721	182	76
75722	182	138
75723	182	7
75724	182	19
75725	182	34
75726	182	506
75727	182	847
75728	182	189
75729	182	484
75730	182	426
75731	182	175
75732	182	26
75733	182	56
75734	182	191
75735	182	1080
75736	182	59
75737	182	592
75738	182	748
75739	182	474
75740	182	102
75741	182	385
75742	182	133
75743	182	317
75744	182	469
75745	182	463
75746	182	251
75747	182	105
75748	182	1036
75749	182	824
75750	182	196
75751	182	284
75752	182	809
75753	182	379
75754	182	49
75755	182	229
75756	182	151
75757	182	52
75758	182	25
75759	182	559
75760	182	812
75761	182	447
75762	182	576
75763	182	391
75764	182	507
75765	182	302
75766	182	318
75767	182	266
75768	182	413
75769	182	664
75770	182	480
75771	182	465
75772	182	366
75773	182	859
75774	182	438
75775	182	269
75776	182	220
75777	182	468
75778	182	219
75779	182	92
75780	182	285
75781	182	203
75782	182	3
75783	182	753
75784	182	806
75785	182	695
75786	182	274
75787	182	692
75788	182	192
75789	182	619
75790	182	511
75791	182	615
75792	182	357
75793	182	744
75794	182	1586
75795	182	36
75796	182	8
75797	182	164
75798	182	123
75799	182	868
75800	182	300
75801	182	887
75802	182	585
75803	182	1185
75804	182	42
75805	182	113
75806	182	478
75807	182	505
75808	182	179
75809	182	710
75810	182	55
75811	182	946
75812	182	552
75813	182	161
75814	182	132
75815	182	1529
75816	182	247
75817	182	238
75818	182	176
75819	182	197
75820	182	677
75821	182	938
75822	182	1096
75823	182	964
75824	182	261
75825	182	1165
75826	182	1372
75827	182	1034
75828	182	797
75829	182	212
75830	182	1163
75831	182	939
75832	182	327
75833	182	708
75834	182	347
75835	182	174
75836	182	682
75837	182	180
75838	182	9
75839	182	297
75840	182	384
75841	182	717
75842	182	17
75843	182	39
75844	182	186
75845	182	531
75846	182	345
75847	182	688
75848	182	172
75849	182	340
75850	182	740
75851	182	403
75852	182	320
75853	182	526
75854	182	844
75855	182	61
75856	182	591
75857	182	87
75858	182	1142
75859	182	1342
75860	182	433
75861	182	617
75862	182	289
75863	182	389
75864	182	271
75865	182	120
75866	182	711
75867	182	325
75868	182	291
75869	182	309
75870	182	154
75871	182	841
75872	182	863
75873	182	490
75874	182	693
75875	182	1062
75876	182	200
75877	182	78
75878	182	109
75879	182	751
75880	182	112
75881	182	858
75882	182	444
75883	182	206
75884	182	401
75885	182	594
75886	182	816
75887	182	881
75888	182	356
75889	182	486
75890	182	460
75891	182	358
75892	182	404
75893	182	467
75894	182	228
75895	182	853
75896	182	550
75897	182	115
75898	182	136
75899	182	455
75900	182	204
75901	182	657
75902	182	500
75903	182	906
75904	182	160
75905	182	639
75906	182	633
75907	182	1625
75908	182	845
75909	182	610
75910	182	24
75911	182	32
75912	182	940
75913	182	1025
75914	182	292
75915	182	243
75916	182	597
75917	182	722
75918	182	44
75919	182	146
75920	182	336
75921	182	691
75922	182	674
75923	182	690
75924	182	1379
75925	182	947
75926	182	244
75927	182	321
75928	182	978
75929	182	392
75930	182	90
75931	182	361
75932	182	949
75933	182	1744
75934	182	1574
75935	182	637
75936	182	606
75937	182	735
75938	182	561
75939	182	1815
75940	182	431
75941	182	1112
75942	182	399
75943	182	784
75944	182	930
75945	182	660
75946	182	769
75947	182	719
75948	182	1607
75949	182	516
75950	182	114
75951	182	295
75952	182	91
75953	182	840
75954	182	50
75955	182	86
75956	182	712
75957	182	770
75958	182	262
75959	182	324
75960	182	150
75961	182	638
75962	182	1650
75963	182	573
75964	182	41
75965	182	388
75966	182	418
75967	182	482
75968	182	221
75969	182	234
75970	182	569
75971	182	1
75972	182	10
75973	182	492
75974	182	375
75975	182	342
75976	182	70
75977	182	895
75978	182	1002
75979	182	18
75980	182	1515
75981	182	326
75982	182	971
75983	182	781
75984	182	689
75985	182	338
75986	182	446
75987	182	308
75988	182	1070
75989	182	371
75990	182	66
75991	182	301
75992	182	257
75993	182	293
75994	182	935
75995	182	932
75996	182	501
75997	182	305
75998	182	653
75999	182	804
76000	182	364
76001	182	1754
76002	182	323
76003	182	14
76004	182	522
76005	182	352
76006	182	183
76007	182	1610
76008	182	1192
76009	182	898
76010	182	156
76011	182	493
76012	182	255
76013	182	104
76014	182	1577
76015	182	578
76016	182	213
76017	182	1033
76018	182	632
76019	182	540
76020	182	565
76021	182	398
76022	182	22
76023	182	810
76024	182	346
76025	182	1202
76026	182	548
76027	182	866
76028	182	370
76029	182	363
76030	182	306
76031	182	1105
76032	182	603
76033	182	137
76034	182	564
76035	182	331
76036	182	494
76037	182	1009
76038	182	1609
76039	182	554
76040	182	487
76041	182	756
76042	182	791
76043	182	171
76044	182	1534
76045	182	166
76046	182	1024
76047	182	908
76048	182	158
76049	182	240
76050	182	341
76051	182	43
76052	182	470
76053	182	1467
76054	182	924
76055	182	587
76056	182	38
76057	182	786
76058	182	328
76059	182	1378
76060	182	1141
76061	182	280
76062	182	1073
76063	182	410
76064	182	273
76065	182	253
76066	182	88
76067	182	698
76068	182	103
76069	182	1170
76070	182	738
76071	182	1348
76072	182	1291
76073	182	683
76074	182	241
76075	182	118
76076	182	149
76077	182	458
76078	182	551
76079	182	702
76080	182	422
76081	182	319
76082	182	445
76083	182	876
76084	182	4
76085	182	128
76086	182	773
76087	182	407
76088	182	130
76089	182	415
76090	182	871
76091	182	173
76092	182	1084
76093	182	1143
76094	182	739
76095	182	1776
76096	182	1767
76097	182	897
76098	182	252
76099	182	395
76100	182	270
76101	182	451
76102	182	546
76103	182	794
76104	182	124
76105	182	771
76106	182	1007
76107	182	1178
76108	182	560
76109	182	96
76110	182	1297
76111	182	367
76112	182	783
76113	182	199
76114	182	1117
76115	182	1364
76116	182	450
76117	182	168
76118	182	430
76119	182	1303
76120	182	314
76121	182	170
76122	182	65
76123	182	648
76124	182	75
76125	182	245
76126	182	405
76127	182	412
76128	182	870
76129	182	1225
76130	182	195
76131	182	63
76132	182	231
76133	182	1174
76134	182	462
76135	182	296
76136	182	417
76137	182	80
76138	182	570
76139	182	1128
76140	182	283
76141	182	454
76142	182	642
76143	182	742
76144	182	464
76145	182	11
76146	182	201
76147	182	1677
76148	182	1442
76149	182	178
76150	182	814
76151	182	1385
76152	182	1560
76153	182	1060
76154	182	1392
76155	182	668
76156	182	227
76157	182	372
76158	182	867
76159	182	436
76160	182	1647
76161	182	157
76162	182	618
76163	182	1156
76164	182	1520
76165	182	374
76166	182	877
76167	182	1550
76168	182	84
76169	182	152
76170	182	334
76171	182	1238
76172	182	880
76173	182	279
76174	182	440
76175	182	713
76176	182	275
76177	182	825
76178	182	568
76179	182	1479
76180	182	1145
76181	182	117
76182	182	649
76183	182	187
76184	182	1226
76185	182	1215
76186	182	679
76187	182	583
76188	182	1021
76189	182	106
76190	182	745
76191	182	1101
76192	182	434
76193	182	1516
76194	182	249
76195	182	1652
76196	182	627
76197	182	377
76198	182	670
76199	182	1074
76200	182	424
76201	182	750
76202	182	182
76203	182	801
76204	182	1049
76205	182	530
76206	182	267
76207	182	1180
76208	182	1040
76209	182	547
76210	182	131
76211	182	461
76212	182	205
76213	182	959
76214	182	281
76215	182	181
76216	182	1022
76217	182	353
76218	182	611
76219	182	787
76220	182	914
76221	182	214
76222	182	1421
76223	182	954
76224	182	817
76225	182	795
76226	182	1322
76227	182	933
76228	182	922
76229	182	945
76230	182	1110
76231	182	778
76232	182	89
76233	182	669
76234	182	553
76235	182	662
76236	182	1151
76237	182	818
76238	182	1506
76239	182	312
76240	182	640
76241	182	303
76242	182	453
76243	182	316
76244	182	288
76245	182	727
76246	182	37
76247	182	466
76248	182	865
76249	182	64
76250	182	1383
76251	182	512
76252	182	556
76253	182	1704
76254	182	879
76255	182	416
76256	182	1035
76257	182	1191
76258	182	896
76259	182	108
76260	182	246
76261	182	85
76262	182	194
76263	182	830
76264	182	1474
76265	182	1377
76266	182	1308
76267	182	567
76268	182	523
76269	182	893
76270	182	761
76271	182	1253
76272	182	979
76273	182	869
76274	182	563
76275	182	892
76276	182	448
76277	182	425
76278	182	861
76279	182	996
76280	182	1066
76281	182	543
76282	182	6
76283	182	701
76284	182	532
76285	182	641
76286	182	489
76287	182	527
76288	182	99
76289	182	1065
76290	182	162
76291	182	802
76292	182	60
76293	182	1459
76294	182	1557
76295	182	857
76296	182	1216
76297	182	343
76298	182	1271
76299	182	423
76300	182	190
76301	182	254
76302	182	165
76303	182	1077
76304	182	491
76305	182	1583
76306	182	258
76307	182	1213
76308	182	265
76309	182	1043
76310	182	232
76311	182	1017
76312	182	1294
76313	182	628
76314	182	1029
76315	182	782
76316	182	57
76317	182	48
76318	182	1327
76319	182	457
76320	182	1126
76321	182	960
76322	182	694
76323	182	277
76324	182	1010
76325	182	629
76326	182	737
76327	182	1489
76328	182	16
76329	182	125
76330	182	746
76331	182	815
76332	182	519
76333	182	997
76334	182	1134
76335	182	920
76336	182	1030
76337	183	360
76338	183	972
76339	183	46
76340	183	97
76341	183	698
76342	183	133
76343	183	673
76344	183	483
76345	183	419
76346	183	816
76347	183	55
76348	183	66
76349	183	687
76350	183	179
76351	183	306
76352	183	293
76353	183	717
76354	183	674
76355	183	216
76356	183	664
76357	183	138
76358	183	191
76359	183	70
76360	183	2
76361	183	43
76362	183	161
76363	183	336
76364	183	34
76365	183	535
76366	183	21
76367	183	78
76368	183	18
76369	183	478
76370	183	99
76371	183	765
76372	183	851
76373	183	36
76374	183	729
76375	183	59
76376	183	412
76377	183	442
76378	183	317
76379	183	783
76380	183	8
76381	183	1348
76382	183	964
76383	183	302
76384	183	238
76385	183	329
76386	183	38
76387	183	286
76388	183	573
76389	183	438
76390	183	269
76391	183	1165
76392	183	906
76393	183	212
76394	183	414
76395	183	132
76396	183	1168
76397	183	1389
76398	183	183
76399	183	175
76400	183	361
76401	183	789
76402	183	406
76403	183	790
76404	183	190
76405	183	256
76406	183	324
76407	183	344
76408	183	180
76409	183	811
76410	183	375
76411	183	120
76412	183	156
76413	183	157
76414	183	13
76415	183	422
76416	183	87
76417	183	722
76418	183	71
76419	183	54
76420	183	357
76421	183	257
76422	183	480
76423	183	104
76424	183	798
76425	183	284
76426	183	243
76427	183	56
76428	183	203
76429	183	144
76430	183	61
76431	183	1297
76432	183	240
76433	183	316
76434	183	692
76435	183	426
76436	183	174
76437	183	91
76438	183	14
76439	183	461
76440	183	388
76441	183	145
76442	183	1176
76443	183	1377
76444	183	173
76445	183	186
76446	183	333
76447	183	50
76448	183	39
76449	183	93
76450	183	147
76451	183	226
76452	183	4
76453	183	231
76454	183	250
76455	183	214
76456	183	1112
76457	183	1269
76458	183	33
76459	183	25
76460	183	30
76461	183	719
76462	183	643
76463	183	1338
76464	183	1079
76465	183	49
76466	183	106
76467	183	737
76468	183	117
76469	183	312
76470	183	742
76471	183	234
76472	183	364
76473	183	817
76474	183	750
76475	183	680
76476	183	1120
76477	183	1074
76478	183	352
76479	183	740
76480	183	876
76481	183	482
76482	183	401
76483	183	844
76484	183	862
76485	183	210
76486	183	44
76487	183	189
76488	183	400
76489	183	836
76490	183	41
76491	183	22
76492	183	326
76493	183	51
76494	183	72
76495	183	343
76496	183	164
76497	183	129
76498	183	92
76499	183	1403
76500	183	76
76501	183	124
76502	183	595
76503	183	1465
76504	183	898
76505	183	818
76506	183	391
76507	183	516
76508	183	1156
76509	183	146
76510	183	507
76511	183	19
76512	183	659
76513	183	1491
76514	183	806
76515	183	668
76516	183	939
76517	183	427
76518	183	211
76519	183	495
76520	183	137
76521	183	75
76522	183	374
76523	183	691
76524	183	32
76525	183	160
76526	183	168
76527	183	689
76528	183	941
76529	183	246
76530	183	185
76531	183	113
76532	183	254
76533	183	114
76534	183	105
76535	183	1565
76536	183	454
76537	183	845
76538	183	90
76539	183	695
76540	183	430
76541	183	796
76542	183	616
76543	183	1231
76544	183	252
76545	183	552
76546	183	863
76547	183	554
76548	183	548
76549	183	1100
76550	183	1159
76551	183	782
76552	183	795
76553	183	814
76554	183	464
76555	183	407
76556	183	771
76557	183	278
76558	183	1173
76559	183	1032
76560	183	1242
76561	183	486
76562	183	294
76563	183	319
76564	183	298
76565	183	846
76566	183	615
76567	183	781
76568	183	1036
76569	183	281
76570	183	1442
76571	183	757
76572	183	53
76573	183	513
76574	183	1115
76575	183	637
76576	183	115
76577	183	489
76578	183	1493
76579	183	79
76580	183	399
76581	183	654
76582	183	335
76583	183	460
76584	183	658
76585	183	258
76586	183	710
76587	183	10
76588	183	1
76589	183	229
76590	183	556
76591	183	331
76592	183	745
76593	183	342
76594	183	1364
76595	183	42
76596	183	314
76597	183	194
76598	183	265
76599	183	522
76600	183	557
76601	183	570
76602	183	345
76603	183	395
76604	183	40
76605	183	457
76606	183	773
76607	183	272
76608	183	88
76609	183	860
76610	183	453
76611	183	221
76612	183	17
76613	183	52
76614	183	241
76615	183	385
76616	183	920
76617	183	283
76618	183	682
76619	183	945
76620	183	1007
76621	183	685
76622	183	908
76623	183	280
76624	183	405
76625	183	960
76626	183	376
76627	183	1321
76628	183	946
76629	183	1163
76630	183	582
76631	183	1292
76632	183	1122
76633	183	109
76634	183	490
76635	183	7
76636	183	416
76637	183	182
76638	183	997
76639	183	701
76640	183	559
76641	183	1322
76642	183	1816
76643	183	219
76644	183	934
76645	183	239
76646	183	1105
76647	183	882
76648	183	697
76649	183	63
76650	183	415
76651	183	28
76652	183	300
76653	183	346
76654	183	549
76655	183	526
76656	183	431
76657	183	492
76658	183	491
76659	183	458
76660	183	647
76661	183	649
76662	183	328
76663	183	472
76664	183	838
76665	183	1409
76666	183	1000
76667	183	1218
76668	183	950
76669	183	553
76670	183	576
76671	183	809
76672	183	1378
76673	183	377
76674	183	255
76675	183	686
76676	183	1024
76677	183	612
76678	183	897
76679	183	434
76680	183	1068
76681	183	96
76682	183	1320
76683	183	48
76684	183	123
76685	183	263
76686	183	320
76687	183	935
76688	183	732
76689	183	27
76690	183	968
76691	183	900
76692	183	944
76693	183	585
76694	183	445
76695	183	832
76696	183	128
76697	183	353
76698	183	469
76699	183	1026
76700	183	1550
76701	183	834
76702	183	116
76703	183	130
76704	183	993
76705	183	228
76706	183	751
76707	183	1526
76708	183	821
76709	183	102
76710	183	338
76711	183	594
76712	183	380
76713	183	26
76714	183	660
76715	183	1076
76716	183	247
76717	183	178
76718	183	279
76719	183	1078
76720	183	266
76721	183	748
76722	183	379
76723	183	86
76724	183	603
76725	183	724
76726	183	808
76727	183	359
76728	183	6
76729	183	200
76730	183	1151
76731	183	436
76732	183	251
76733	183	271
76734	183	262
76735	183	111
76736	183	270
76737	183	1631
76738	183	205
76739	183	181
76740	183	610
76741	183	540
76742	183	589
76743	183	683
76744	183	166
76745	183	653
76746	183	37
76747	183	417
76748	183	663
76749	183	611
76750	183	9
76751	183	196
76752	183	1529
76753	183	227
76754	183	84
76755	183	1178
76756	183	468
76757	183	370
76758	183	630
76759	183	398
76760	183	315
76761	183	971
76762	183	463
76763	183	506
76764	183	955
76765	183	149
76766	183	739
76767	183	903
76768	183	1021
76769	183	334
76770	183	295
76771	183	1385
76772	183	325
76773	184	361
76774	184	175
76775	184	340
76776	184	52
76777	184	109
76778	184	8
76779	184	179
76780	184	484
76781	184	410
76782	184	495
76783	184	157
76784	184	1327
76785	184	319
76786	184	36
76787	184	501
76788	184	9
76789	184	176
76790	184	146
76791	184	418
76792	184	302
76793	184	806
76794	184	528
76795	184	97
76796	184	338
76797	184	185
76798	184	286
76799	184	539
76800	184	120
76801	184	40
76802	184	309
76803	184	191
76804	184	344
76805	184	531
76806	184	7
76807	184	17
76808	184	231
76809	184	96
76810	184	2
76811	184	55
76812	184	252
76813	184	350
76814	184	32
76815	184	357
76816	184	56
76817	184	18
76818	184	203
76819	184	660
76820	184	37
76821	184	41
76822	184	1009
76823	184	87
76824	184	186
76825	184	138
76826	184	771
76827	184	156
76828	184	500
76829	184	238
76830	184	586
76831	184	247
76832	184	284
76833	184	227
76834	184	781
76835	184	1247
76836	184	822
76837	184	1569
76838	184	753
76839	184	389
76840	184	677
76841	184	323
76842	184	694
76843	184	166
76844	184	635
76845	184	34
76846	184	773
76847	184	363
76848	184	211
76849	184	298
76850	184	290
76851	184	1163
76852	184	341
76853	184	540
76854	184	24
76855	184	257
76856	184	255
76857	184	180
76858	184	26
76859	184	324
76860	184	710
76861	184	164
76862	184	59
76863	184	173
76864	184	63
76865	184	513
76866	184	21
76867	184	818
76868	184	196
76869	184	505
76870	184	261
76871	184	478
76872	184	767
76873	184	159
76874	184	78
76875	184	1568
76876	184	426
76877	184	223
76878	184	674
76879	184	150
76880	184	328
76881	184	119
76882	184	3
76883	184	236
76884	184	610
76885	184	509
76886	184	60
76887	184	174
76888	184	740
76889	184	438
76890	184	107
76891	184	267
76892	184	947
76893	184	234
76894	184	997
76895	184	221
76896	184	325
76897	184	973
76898	184	404
76899	184	320
76900	184	280
76901	184	88
76902	184	391
76903	184	682
76904	184	117
76905	184	283
76906	184	270
76907	184	492
76908	184	480
76909	184	595
76910	184	558
76911	184	454
76912	184	847
76913	184	48
76914	184	253
76915	184	214
76916	184	1810
76917	184	310
76918	184	254
76919	184	1231
76920	184	171
76921	184	317
76922	184	844
76923	184	297
76924	184	561
76925	184	66
76926	184	455
76927	184	75
76928	184	189
76929	184	1157
76930	184	308
76931	184	1574
76932	184	262
76933	184	797
76934	184	27
76935	184	738
76936	184	4
76937	184	1132
76938	184	819
76939	184	70
76940	184	197
76941	184	898
76942	184	935
76943	184	116
76944	184	871
76945	184	89
76946	184	274
76947	184	511
76948	184	388
76949	184	370
76950	184	486
76951	184	229
76952	184	1118
76953	184	295
76954	184	597
76955	184	1028
76956	184	1024
76957	184	98
76958	184	877
76959	184	765
76960	184	1017
76961	184	702
76962	184	864
76963	184	1102
76964	184	547
76965	184	53
76966	184	748
76967	184	974
76968	184	128
76969	184	1464
76970	184	1061
76971	184	333
76972	184	1
76973	184	477
76974	184	419
76975	184	519
76976	184	212
76977	184	343
76978	184	1226
76979	184	619
76980	184	637
76981	184	184
76982	184	387
76983	184	251
76984	184	985
76985	184	1196
76986	184	1478
76987	184	422
76988	184	1069
76989	184	347
76990	184	61
76991	184	487
76992	184	35
76993	184	92
76994	184	392
76995	184	1639
76996	184	476
76997	184	5
76998	184	271
76999	184	353
77000	184	824
77001	184	860
77002	184	1135
77003	184	671
77004	184	85
77005	184	331
77006	184	399
77007	184	106
77008	184	445
77009	184	51
77010	184	585
77011	184	490
77012	184	482
77013	184	306
77014	184	1472
77015	184	592
77016	184	615
77017	184	930
77018	184	471
77019	184	228
77020	184	458
77021	184	1591
77022	184	969
77023	184	668
77024	184	1444
77025	184	1379
77026	184	751
77027	184	574
77028	184	208
77029	184	226
77030	184	91
77031	184	401
77032	184	342
77033	184	94
77034	184	1002
77035	184	268
77036	184	192
77037	184	130
77038	184	1545
77039	184	442
77040	184	955
77041	184	113
77042	184	398
77043	184	414
77044	184	22
77045	184	1186
77046	184	906
77047	184	193
77048	184	54
77049	184	385
77050	184	1033
77051	184	464
77052	184	683
77053	184	884
77054	184	133
77055	184	39
77056	184	922
77057	184	265
77058	184	240
77059	184	433
77060	184	1104
77061	184	554
77062	184	76
77063	184	866
77064	184	190
77065	184	686
77066	184	431
77067	184	243
77068	184	861
77069	184	149
77070	184	122
77071	184	206
77072	184	1032
77073	184	364
77074	184	602
77075	184	612
77076	184	237
77077	184	715
77078	184	336
77079	184	111
77080	184	11
77081	184	990
77082	184	617
77083	184	576
77084	184	907
77085	184	522
77086	184	770
77087	184	783
77088	184	609
77089	184	573
77090	184	769
77091	184	151
77092	184	914
77093	184	281
77094	184	1087
77095	184	202
77096	184	843
77097	184	1022
77098	184	105
77099	184	351
77100	184	1239
77101	184	893
77102	184	827
77103	184	16
77104	184	411
77105	184	869
77106	184	563
77107	184	1143
77108	184	805
77109	184	523
77110	184	789
77111	184	449
77112	184	692
77113	184	33
77114	184	512
77115	184	19
77116	184	279
77117	184	269
77118	184	1044
77119	184	1025
77120	184	352
77121	184	736
77122	184	697
77123	184	823
77124	184	345
77125	184	524
77126	184	187
77127	184	1303
77128	184	1040
77129	184	923
77130	184	1013
77131	184	654
77132	184	744
77133	184	995
77134	184	465
77135	184	216
77136	184	951
77137	184	65
77138	184	44
77139	184	112
77140	184	786
77141	184	103
77142	184	863
77143	184	167
77144	184	181
77145	184	1253
77146	184	698
77147	184	314
77148	184	756
77149	184	723
77150	184	326
77151	184	497
77152	184	1041
77153	184	867
77154	184	1089
77155	184	225
77156	184	972
77157	185	893
77158	185	461
77159	185	114
77160	185	352
77161	185	1115
77162	185	54
77163	185	219
77164	185	445
77165	185	1291
77166	185	563
77167	185	55
77168	185	97
77169	185	1036
77170	185	668
77171	185	455
77172	185	585
77173	185	980
77174	185	664
77175	185	138
77176	185	786
77177	185	6
77178	185	26
77179	185	8
77180	185	306
77181	185	41
77182	185	246
77183	185	721
77184	185	235
77185	185	102
77186	185	698
77187	185	610
77188	185	120
77189	185	360
77190	185	286
77191	185	34
77192	185	56
77193	185	66
77194	185	538
77195	185	1156
77196	185	552
77197	185	463
77198	185	419
77199	185	9
77200	185	7
77201	185	399
77202	185	2
77203	185	38
77204	185	133
77205	185	210
77206	185	430
77207	185	1081
77208	185	53
77209	185	370
77210	185	85
77211	185	43
77212	185	36
77213	185	401
77214	185	227
77215	185	145
77216	185	541
77217	185	295
77218	185	944
77219	185	1223
77220	185	319
77221	185	767
77222	185	542
77223	185	1103
77224	185	298
77225	185	539
77226	185	691
77227	185	436
77228	185	48
77229	185	939
77230	185	1366
77231	185	753
77232	185	1100
77233	185	174
77234	185	473
77235	185	21
77236	185	266
77237	185	234
77238	185	410
77239	185	696
77240	185	361
77241	185	375
77242	185	302
77243	185	161
77244	185	701
77245	185	52
77246	185	451
77247	185	629
77248	185	1367
77249	185	336
77250	185	506
77251	185	717
77252	185	4
77253	185	448
77254	185	86
77255	185	407
77256	185	770
77257	185	280
77258	185	17
77259	185	1032
77260	185	657
77261	185	790
77262	185	327
77263	185	199
77264	185	522
77265	185	326
77266	185	815
77267	185	175
77268	185	670
77269	185	105
77270	185	131
77271	185	946
77272	185	509
77273	185	109
77274	185	1007
77275	185	22
77276	185	186
77277	185	203
77278	185	191
77279	185	253
77280	185	818
77281	185	526
77282	185	592
77283	185	272
77284	185	61
77285	185	422
77286	185	137
77287	185	317
77288	185	1025
77289	185	357
77290	185	642
77291	185	130
77292	185	79
77293	185	740
77294	185	600
77295	185	662
77296	185	782
77297	185	91
77298	185	469
77299	185	159
77300	185	760
77301	185	76
77302	185	267
77303	185	739
77304	185	490
77305	185	1089
77306	185	589
77307	185	587
77308	185	288
77309	185	1135
77310	185	854
77311	185	32
77312	185	516
77313	185	784
77314	185	229
77315	185	881
77316	185	625
77317	185	565
77318	185	414
77319	185	348
77320	185	96
77321	185	93
77322	185	1336
77323	185	1505
77324	185	72
77325	185	278
77326	185	180
77327	185	1114
77328	185	561
77329	185	39
77330	185	237
77331	185	507
77332	185	81
77333	185	1574
77334	185	415
77335	185	474
77336	185	98
77337	185	710
77338	185	482
77339	185	1060
77340	185	1093
77341	185	838
77342	185	196
77343	185	460
77344	185	627
77345	185	155
77346	185	87
77347	185	1123
77348	185	444
77349	185	1329
77350	185	751
77351	185	40
77352	185	574
77353	185	581
77354	185	324
77355	185	70
77356	185	256
77357	185	674
77358	185	719
77359	185	344
77360	185	964
77361	185	46
77362	185	142
77363	185	930
77364	185	156
77365	185	398
77366	185	446
77367	185	384
77368	185	1124
77369	185	695
77370	185	866
77371	185	116
77372	185	117
77373	185	937
77374	185	121
77375	185	492
77376	185	214
77377	185	388
77378	185	23
77379	185	3
77380	185	465
77381	185	1141
77382	185	84
77383	185	263
77384	185	228
77385	185	44
77386	185	1290
77387	185	1270
77388	185	160
77389	185	1122
77390	185	547
77391	185	88
77392	185	157
77393	185	750
77394	185	1274
77395	185	569
77396	185	601
77397	185	243
77398	185	711
77399	185	112
77400	185	508
77401	185	247
77402	185	99
77403	185	438
77404	185	164
77405	185	878
77406	185	960
77407	185	143
77408	185	769
77409	185	82
77410	185	28
77411	185	187
77412	185	949
77413	185	146
77414	185	353
77415	185	470
77416	185	18
77417	185	115
77418	185	464
77419	185	391
77420	185	989
77421	185	314
77422	185	525
77423	185	611
77424	185	836
77425	185	748
77426	185	433
77427	185	400
77428	185	935
77429	185	144
77430	185	797
77431	185	279
77432	185	981
77433	185	50
77434	185	495
77435	185	261
77436	185	1393
77437	185	535
77438	185	381
77439	185	290
77440	185	78
77441	185	956
77442	185	1506
77443	185	341
77444	185	59
77445	185	216
77446	185	1705
77447	185	1166
77448	185	111
77449	185	616
77450	185	1176
77451	185	231
77452	185	896
77453	185	274
77454	185	181
77455	185	282
77456	185	403
77457	185	1074
77458	185	294
77459	185	505
77460	185	195
77461	185	252
77462	185	472
77463	185	845
77464	185	945
77465	185	269
77466	185	776
77467	185	309
77468	185	257
77469	185	189
77470	185	1584
77471	185	1637
77472	185	193
77473	185	742
77474	185	10
77475	185	894
77476	185	1757
77477	185	550
77478	185	540
77479	185	307
77480	185	467
77481	185	236
77482	185	576
77483	185	486
77484	185	173
77485	185	908
77486	185	393
77487	185	1108
77488	185	559
77489	185	284
77490	185	376
77491	185	218
77492	185	1749
77493	185	1394
77494	185	69
77495	185	452
77496	185	987
77497	185	562
77498	185	480
77499	185	1262
77500	185	241
77501	185	179
77502	185	993
77503	185	113
77504	185	129
77505	185	1051
77506	185	395
77507	185	704
77508	185	666
77509	185	597
77510	185	283
77511	185	238
77512	185	1173
77513	185	483
77514	185	392
77515	185	359
77516	185	31
77517	185	920
77518	185	334
77519	185	417
77520	185	404
77521	185	379
77522	185	1444
77523	185	166
77524	185	942
77525	185	249
77526	185	140
77527	185	380
77528	185	385
77529	185	1438
77530	185	898
77531	185	934
77532	185	200
77533	185	887
77534	185	206
77535	185	1383
77536	185	172
77537	185	713
77538	185	851
77539	185	553
77540	185	1614
77541	185	416
77542	185	328
77543	185	104
77544	185	729
77545	185	1048
77546	185	744
77547	185	659
77548	185	798
77549	185	487
77550	185	1269
77551	185	275
77552	185	37
77553	185	119
77554	185	1364
77555	185	687
77556	185	152
77557	185	972
77558	185	801
77559	185	551
77560	185	64
77561	185	71
77562	185	182
77563	185	1120
77564	185	745
77565	185	248
77566	185	971
77567	185	1289
77568	185	250
77569	185	424
77570	185	870
77571	185	212
77572	185	449
77573	185	1391
77574	185	11
77575	185	33
77576	185	171
77577	185	660
77578	185	997
77579	185	276
77580	185	806
77581	185	123
77582	185	1563
77583	185	281
77584	185	251
77585	185	846
77586	185	201
77587	185	733
77588	185	49
77589	185	933
77590	185	271
77591	185	325
77592	185	75
77593	185	652
77594	185	1073
77595	185	545
77596	185	1006
77597	185	330
77598	185	466
77599	185	1780
77600	185	273
77601	185	656
77602	185	265
77603	185	441
77604	185	1037
77605	185	1030
77606	185	323
